site,A,C,D,E,F,G,H,I,K,L,M,N,P,Q,R,S,T,V,W,Y
32,0.0897308075985985,0.05327153124936478,0.023855211847186395,0.16994339511871284,0.018150309178573184,0.07855569190106822,0.0072358170757188135,0.02862097284720378,0.021577129721143475,0.014870621983170011,0.0505436442571553,0.027917737763481155,0.0659853157369502,0.054118025745250486,0.10146661496193991,0.061260267784845994,0.02946792340926483,0.015501843970774181,0.05330035692880814,0.0346267809207898
33,0.051584633175033444,0.04954683185829773,0.08075452673686326,0.09884533477321247,0.005581400485989208,0.0702531797632462,0.028980296193562367,0.017195279904215134,0.05998260371640159,0.016646186676998388,0.011624613252736905,0.066387970485593,0.02839623115715667,0.03619960575034754,0.03618583632230043,0.18194261105093587,0.09427118722146495,0.014292075864809869,0.0460388316634088,0.00529076394742615
34,0.015799599501251607,0.026979340888371804,0.013365625130395149,0.051190368549913816,0.08479646179519544,0.025255382494853658,0.04447129762068479,0.04754929964251872,0.04603544980755576,0.10696325248348908,0.03819193040784795,0.05971404218782778,0.03924776584400332,0.020746140383272143,0.04649223615666055,0.052993659797651936,0.0822968827089519,0.04037895687744051,0.10463977701894332,0.05289253070317079
35,0.02217583642961645,0.056340352254182775,0.011552996769285957,0.021567937520315075,0.07023090650074174,0.03897671256870734,0.01617432636212931,0.020189795740990668,0.0388460216226479,0.030715445390728343,0.028759382144190635,0.023511976455251625,0.03040209096606801,0.042956704975161596,0.08045935714626652,0.05381738062569623,0.04377135030296133,0.028239714986049023,0.16779446968269227,0.17351724155631718
36,0.1339079588661985,0.05716617618189068,0.06579212896780925,0.0398209541228735,0.030789562359584546,0.015563179481385225,0.02661836550735674,0.06383222594323454,0.049431060723398756,0.011300338976401803,0.029454057542094812,0.04541665563073968,0.027609573155266024,0.021547113413935136,0.04213565254372545,0.028805589035437264,0.07857205436587904,0.15219435536568784,0.04098522471277473,0.039057773104326475
37,0.058501457793114435,0.031112409406076534,0.051080806370475025,0.012021919808188631,0.05202174479183344,0.09750223956761597,0.02505077933805781,0.056686138104820635,0.009951811609939536,0.02276949865166575,0.013908406626176335,0.11384104356337867,0.03419805605328782,0.037228467106307374,0.02192158948182589,0.08437663003832184,0.1602979940426609,0.033856853664245554,0.04579779539240824,0.037874358589599595
38,0.036976205943449414,0.033880433644463644,0.05469258194787129,0.03245534746974688,0.057797982987722436,0.024627412466351598,0.00860372455499265,0.2443022283231035,0.039575307893824685,0.042825703260059404,0.012555420590313435,0.008644432065284126,0.011710934726240577,0.05248924102924677,0.03372854428167208,0.022618293121636244,0.037331485764511674,0.1502902838980783,0.03895954415065399,0.055934891880777264
39,0.0247757688400139,0.01400821070835992,0.09890377933554305,0.03529022781739392,0.19229876626440212,0.03901086377356466,0.0511241165800468,0.030083046138479484,0.02211701757254335,0.019799550097361503,0.0564035397188432,0.06768401921117323,0.016334185017382975,0.009130892292614668,0.022076926765623183,0.03985262545734978,0.03762573719234009,0.0906659946395654,0.013509266958414704,0.11930546561898409
40,0.04316600589686948,0.051593561168946755,0.033180757559010905,0.035450135689466915,0.09887608526264359,0.017981221287580503,0.009941488166579474,0.04227485215016576,0.03156163093711299,0.01466332530717302,0.04246368037912674,0.11468994424272423,0.0204160965516879,0.0593222738579037,0.024540812096668484,0.02394523516145464,0.05445463336330123,0.03935634787361512,0.098304008548509,0.14381790449945958
41,0.08196699481881553,0.02654296593286291,0.024634727729650027,0.05190193778141082,0.01780591068145432,0.20449565276468706,0.02807255135941574,0.06742460486594774,0.011030164453889086,0.029826036434184307,0.036671875180987315,0.04071271271714961,0.04796670624365571,0.04356740880994,0.08931138222133289,0.03694412892177126,0.036737378190469586,0.018581345296443428,0.07017803787956141,0.03562747771637125
42,0.040701315728635674,0.0352030642781394,0.009557606169706924,0.08111238961371636,0.02930907804880237,0.03762656972535656,0.008848722181337776,0.1264005060252382,0.05130307315153506,0.058972478413427884,0.029110579814798667,0.04449551172777664,0.04362492867161497,0.02056342233171299,0.04419062502595602,0.018672081033311753,0.02243862749214121,0.17508669862586013,0.0460923387422834,0.07669038319864797
43,0.018997882986835548,0.011789168149885077,0.026751064763182647,0.04798519931868434,0.02476709396601096,0.019965431960972013,0.06307182007409741,0.023516879879474976,0.05812836730329416,0.04554369659577014,0.07709966319738505,0.027575181538533024,0.26208865434701256,0.04662208888083336,0.042451320468514755,0.026732320359143222,0.06491543401950951,0.03561065402637131,0.05942375768131847,0.016964320483171424
44,0.06099809803975023,0.07572129612336968,0.032722915378822014,0.06915162435006587,0.02513700451432327,0.042775629160108054,0.012615023397610108,0.0625609573117003,0.1124460729213517,0.01719512269955961,0.04404092614839749,0.047827390808597436,0.03535722862788113,0.032978955991911675,0.02893502142180703,0.027059201806042744,0.021328139283128683,0.1557883011697763,0.05049484146743618,0.04486624937836047
45,0.03776381972084429,0.03626435638727614,0.045796397088682064,0.020836654647645014,0.10929501778880146,0.021435985562003778,0.015477047946830066,0.033416307653842764,0.05650120886559862,0.06887477933098832,0.05458198032281339,0.006963927254222728,0.042248229903936195,0.027071779421904148,0.02786206639021554,0.021926800871383188,0.022090234947948227,0.03079318041948883,0.20862325496598813,0.11217697050958711
46,0.03905317687145265,0.03249377768412964,0.03920363781321724,0.06551392327018773,0.009731892394641593,0.05042277668881297,0.13486846508714273,0.038135163624996145,0.08218829895158372,0.0467141189132867,0.020117649357466946,0.03185394610458034,0.022283142050150397,0.039901597491861375,0.07990696301400256,0.03664702748925912,0.06553168512819142,0.09082195544174974,0.02869464496285336,0.04591615766043361
47,0.02056207404810033,0.00969240414292625,0.09151593636151355,0.14895625263786516,0.044217146640953456,0.016627259790984873,0.04952221360852714,0.022707324123123245,0.025519319362900666,0.005327016754296532,0.051403880288641776,0.1996958582737304,0.05854465457099724,0.01948432416037699,0.025437437722927978,0.03201768321089844,0.08488084758288444,0.041067582126933254,0.0358808457004462,0.016939938890972086
48,0.10675967171517425,0.10149679112348696,0.03267289415966137,0.06386810802061407,0.012168129756405903,0.06951731928855245,0.025205355724596996,0.03648289240709844,0.019911798257551683,0.03575690252583628,0.050750893039591495,0.007037125547021446,0.011838082690034453,0.04007561698949111,0.0550649655649985,0.08890023577420175,0.07240312735637987,0.032624641066541164,0.04639523412898955,0.09107021486377226
49,0.08818118341186923,0.02898473334915758,0.03860597892179705,0.051794574973396686,0.05353486530734343,0.030092111460912806,0.08706900338630942,0.07457139419755128,0.0410954106738314,0.04919113925256502,0.026982988313863608,0.03762895426940837,0.02084973293150561,0.07380041797858619,0.056815984831716605,0.08690244434949611,0.049202113577606704,0.052614210522489734,0.027541380810631188,0.024541377479962
50,0.16312166328009103,0.04462121811746286,0.014723325158149041,0.032322752648843954,0.03539621746781115,0.047886796747339644,0.03397855049315897,0.08777037494135209,0.04933926920471929,0.034119447187637326,0.0474023058988442,0.06462289699934654,0.040124508007037735,0.01646463856678705,0.02324944894690102,0.03691847644468058,0.10233141608618927,0.05962386784720186,0.028110028582214095,0.03787279737423233
51,0.04236753241761456,0.013917003499120862,0.028716865760113716,0.03712837644713842,0.022877379742975282,0.0568674378664149,0.0489227936398921,0.13736373893613005,0.018732314540610022,0.06723778599262369,0.04252488900863054,0.02288087991228278,0.04053620112723765,0.028362068652589927,0.021065421783357144,0.060900904462342836,0.07020456636156507,0.1391645836509236,0.06734644160253495,0.03288281459590192
52,0.033757920411946744,0.038689052227302116,0.020411181417766898,0.02371612460739293,0.045960163193754754,0.036954776315911146,0.06624450594627417,0.17616015579590294,0.03607179142652315,0.1729600082954814,0.059199094229361926,0.04375754200154128,0.02980624057214062,0.051944093469920516,0.01890532464630192,0.018786432661528123,0.02318799444729083,0.02561008134435181,0.02854350199947715,0.04933401498982962
53,0.010690504472405264,0.10692011493254572,0.017907744472835704,0.012242918143258497,0.12036642967383693,0.017345146986433538,0.029610136235993106,0.08208695809211028,0.041724116464449984,0.06639214947586312,0.04424812564275625,0.04187052552288077,0.01699903917172605,0.035663268979417316,0.0697811500809485,0.08382818236137987,0.0194951707196651,0.035078148337384846,0.039909271057504775,0.10784089917660435
54,0.060168714172371414,0.19133266899442036,0.04552742865556535,0.016875735546810516,0.07444113188623697,0.03223982344759073,0.09087092897311434,0.04239660131409805,0.06249905281260851,0.04471702630503543,0.02766603770220534,0.020640164303629294,0.02275296468506594,0.01310326519051249,0.020959028770848254,0.04315829746406085,0.019650829809258374,0.014715718524032334,0.019070839040723236,0.13721374240181222
55,0.10013059725173562,0.03989139491539927,0.008506466652882919,0.052909399183740276,0.026943564818683506,0.019698964469336503,0.03440917564437596,0.0395953470521037,0.06870510331083905,0.020754086320127846,0.10557855989542721,0.06915444375689628,0.033407699840041376,0.06948178435164568,0.011501510562815164,0.10183163219858624,0.08764596394709546,0.03922251713329356,0.04577634890763247,0.024855439787341886
56,0.03941847651294433,0.06521718806760932,0.0660438768217819,0.025412730655175512,0.0570915867546694,0.05206252218947434,0.08080293251923772,0.029254013203816355,0.03010741489880898,0.04545380036394066,0.03893365844604043,0.04608411721531252,0.03298217419607864,0.011338079118059525,0.044780814207286794,0.12533804001855825,0.07718756921393746,0.03681651150742801,0.05539463021438183,0.04027986387545799
57,0.07809944943680212,0.04685781887426311,0.043247159296871486,0.05085945250093294,0.04539006772602859,0.02834590462366758,0.0710193053935688,0.04936263850257165,0.04985093295602589,0.03614499293705515,0.05170709058241728,0.05613147389972151,0.04404730270716043,0.0517400645570866,0.05399272714872096,0.04905441938857598,0.05321158042406713,0.04628360912526313,0.04886008954269389,0.045793920376505814
58,0.034162186584391505,0.04447357632627013,0.048813213443152946,0.051217802542844616,0.04366225981245098,0.05179663591998226,0.045425538737363776,0.05051711670338477,0.050465290016968485,0.036095572548294305,0.05846354816231459,0.051160359646246156,0.047018369569419044,0.05032667959770906,0.05025421875130029,0.056284453811768935,0.05922882735543238,0.07326361618132644,0.05080918897599215,0.04656154531338718
59,0.05289452995827838,0.0535385103497031,0.04654132998915776,0.06947465497311617,0.05213784959750245,0.048655248360872726,0.05086458100179845,0.029030839736829624,0.03464531476298339,0.05081336190013004,0.05899868069197343,0.05587690173044541,0.05653468108946554,0.04239086555902808,0.05533047881943678,0.047879384195257474,0.043853360002015944,0.05643302219529327,0.045463695497167125,0.04864270958954487
60,0.016137052495113297,0.04727596416891534,0.050100387883000426,0.051695777979775655,0.09248038626762596,0.04019901427399787,0.10856239356767092,0.048122575286920224,0.02428015521841542,0.03911708415484768,0.04580082499890552,0.04757258230142393,0.0560167433814072,0.049390527230511565,0.05560873357020591,0.007930707526976433,0.11122030670809684,0.011415821398609444,0.04639674628034956,0.050676215307230786
61,0.005737448009480365,0.021200812336198072,0.047379168073375146,0.05410047582171476,0.10762765088023216,0.0734041763021714,0.04693720071468471,0.02416083765801453,0.006972720720659745,0.09244480097781108,0.03991259711446029,0.06073979640218059,0.04660109540904533,0.11002749699262276,0.07389075857855101,0.037996217789097966,0.049946231406781644,0.01349945980855112,0.0673576850808824,0.020063369923484932
62,0.021065017020795444,0.05186495558328871,0.08082323559572721,0.05217478955331989,0.024968341600392636,0.05780028081859414,0.039420667740001025,0.04577011907560723,0.013819022157080077,0.0345482542080553,0.012793890589200671,0.07078742202806852,0.12966232688327944,0.05404184097237163,0.03555149375373723,0.027762689088497047,0.03011131861028695,0.11292525952154328,0.06730951379750712,0.03679956140264642
63,0.057880392133318165,0.017378567948441274,0.015747115849957673,0.06612576815886237,0.04820876254965786,0.05616896501780226,0.018155212814933586,0.036891487681656954,0.04727470489027037,0.02313509411158876,0.14192224381305912,0.033093395719037716,0.08495808454451072,0.021404226784568315,0.10776696589684147,0.058281991244586925,0.060975556066547594,0.02455442889697572,0.06504108290847951,0.015035952968903669
64,0.042307624754057485,0.042948176432403735,0.02453446124282324,0.04879168927764573,0.07702567397138167,0.05235395099053129,0.07919288758201176,0.016263533071533554,0.06745674587183591,0.04091874755160448,0.0455352874457594,0.053785779466850044,0.013111893486957595,0.041968094662551934,0.06302694558641891,0.039081576859808946,0.035829871569154896,0.06964650082117475,0.06345559538352528,0.08276496397196936
65,0.035495150829003015,0.017061008780440846,0.021030779641321492,0.18635747112394638,0.07888939448682573,0.09041154349956487,0.0464806132750809,0.015645612798550517,0.026975888050613066,0.06162064685242633,0.07842197534889078,0.026658111899250492,0.016158536485149356,0.06639906011221296,0.017898039919700598,0.022732841091413925,0.1046861333985355,0.02907714253522953,0.010821728911692962,0.04717832096015082
66,0.043396639037619394,0.04541027137405947,0.057666885382522494,0.03491177411278808,0.02790136359783087,0.08144538390040527,0.04298039348545789,0.12314429913321721,0.025505725055963838,0.02935427347785842,0.03614476695909717,0.05474767338427228,0.034880052522071874,0.05756695418187104,0.012942183131137373,0.10867311724451117,0.0335104701580319,0.045880448102918026,0.03544311035160904,0.06849421540675721
67,0.052453303589222455,0.011925719389686382,0.059945479682128044,0.04356570987572345,0.11240687441205582,0.026016499693868326,0.04515579027130415,0.009122283328576541,0.05313757653813862,0.01641568704619196,0.018252761192751113,0.09775517094929816,0.09825529145676234,0.054578465451918405,0.09776852342626863,0.07061523547894982,0.04639659505700738,0.009941237782652235,0.035475138591920294,0.04081665678557588
68,0.01887412527755326,0.04081281717105494,0.011100388477472214,0.024830375320723845,0.053638814038751925,0.03141877263898566,0.04148150865620015,0.1252934172408756,0.04315188588045576,0.037176777298721486,0.14426968127743356,0.03929737633762956,0.06480955471299531,0.053444086649007634,0.11837253674537992,0.0284318604393891,0.02499013395847996,0.056709577948234155,0.021326423476411827,0.020569886454244166
69,0.07195352925152927,0.023910560836146188,0.05426568121814757,0.052430521831062844,0.04934976119225393,0.05085453374233188,0.029195654545421154,0.03551956932547544,0.060182111438575984,0.031179640055519188,0.03507873686569193,0.06189371697911344,0.054584036135296596,0.06396415835951783,0.041158960864885616,0.048150366693640936,0.012961481725793115,0.04171362535742291,0.12380958447539374,0.05784376910678041
70,0.0657010256302402,0.0436477688676391,0.06901372782941861,0.03070037826529461,0.009386712184548255,0.05643192374922813,0.03451809786194618,0.01338931924829738,0.031109132562421066,0.02046045433769192,0.047932360781767214,0.0199282498475155,0.022925169800664405,0.09292244634457177,0.04501505419269593,0.05559937910500017,0.10608054064775328,0.10060311182906326,0.06589988911237814,0.06873525780186487
71,0.04862096889254174,0.041970034822174845,0.036533644444880824,0.046514761241584324,0.02532734263731707,0.09418208736829377,0.037713835257264954,0.03577704496982107,0.15608365280468997,0.020491300288531657,0.016620947325258765,0.057117555145472405,0.033086909917050135,0.02061350272209584,0.04764867948719993,0.03928436483247676,0.08379528916022946,0.10776328434201717,0.028536266108204675,0.022318528232894628
72,0.03257744226504824,0.03283043917141423,0.09074312384441803,0.06851088469235846,0.05797253152243258,0.051622851737811996,0.09540285209898194,0.015745044213280296,0.034083396707967485,0.00941689360292759,0.029396885911119483,0.0814116231180738,0.03567267932613132,0.08128722457736944,0.03791864657472464,0.036373475666512924,0.046800206529605495,0.08372690005678372,0.06528829245297238,0.013218605930065977
73,0.07943226035825325,0.056824366187602456,0.05752427881504534,0.01004515506100415,0.03760279095846901,0.032363235445393816,0.023700179809505586,0.035387358796221166,0.035854613997427495,0.0785672418517935,0.10812832320031343,0.06921820625259055,0.043919510427639044,0.038146452352032637,0.03480818806164364,0.04458538277978888,0.04323636065931461,0.06465643962935003,0.060888772267399034,0.04511088308921233
74,0.0461188947395256,0.16840000300287816,0.036027564428100366,0.01755745165751058,0.0760966019629903,0.052319699202067,0.059942148188472266,0.029668205674292493,0.014395567657938509,0.0342637118945019,0.03775309084477839,0.03900250853482661,0.04541467080390309,0.05254191412649334,0.018376204930315,0.032126715037201596,0.03288843491367397,0.02140490919002758,0.06923185552714797,0.11646984768335528
75,0.08015687359302956,0.01716942424422453,0.00886229890485801,0.01594305662543869,0.03071986653037638,0.03329959490767881,0.027256336137030393,0.10022386917083027,0.02952101398474107,0.08073693765975039,0.12152476551120778,0.007001316990269796,0.04951586399119865,0.02335538640128298,0.030337229986967647,0.05625690401189592,0.0660850646908799,0.13072484957081454,0.06907850444932442,0.022230842638200292
76,0.11392236694875588,0.06345390262298231,0.020148555629691017,0.022463712927271798,0.026666297248611186,0.11488576611043605,0.049221715526995294,0.005523145607685288,0.04512447801754369,0.06250063165781596,0.051344327642533265,0.04264603157975805,0.13030314682779837,0.03091690491082694,0.011920858334673014,0.049204987049742806,0.018785799163947375,0.04988183622297971,0.051933396666793405,0.039152139303158626
77,0.05495475249265397,0.07446915232180389,0.0076292080043010285,0.046676198678706746,0.10863555343654448,0.032206661726394574,0.03645983957511038,0.11868619289396447,0.017417128978739697,0.03644625325029734,0.04502658127150676,0.05934582842859046,0.024853588205972128,0.0457282575105547,0.017870419416605533,0.06456286938690521,0.06948490279920057,0.07343351942270704,0.0502157999142388,0.01589729228520223
78,0.07598337251822301,0.024472513004991096,0.10029678259680003,0.09871953485824389,0.020850271374851563,0.055462129961741366,0.033986327573012155,0.013366388336665319,0.0633591039323467,0.06793785788398042,0.03659171812795208,0.08067200871164838,0.02124123090112379,0.01832981524485759,0.030107713252202514,0.0517952020896271,0.07079531166968471,0.0068502082233026645,0.043850727111164695,0.0853317826275809
79,0.0727149664467744,0.017560924297726217,0.020147100103922212,0.026010134904780234,0.09698567077332149,0.0156407489649886,0.04853982088276256,0.05127660413494127,0.02641406715385508,0.14477410852294387,0.07470174629878731,0.048337480294589265,0.04190164527109056,0.04154303111807788,0.011082176720409946,0.0893121748427604,0.04737152958221634,0.015476634710354943,0.06600178641111577,0.04420764856458169
80,0.1240657848717148,0.03601836686084855,0.023103255497747607,0.07777779747629981,0.07991029264223524,0.05085051709564641,0.1089207344160057,0.02932124987906832,0.019139493116647775,0.05651125449427769,0.032561810473719616,0.0558806974971461,0.016908388056754983,0.012693399329000007,0.05673919763469336,0.028935217700582154,0.016315470338260155,0.06862091005534302,0.05352397193916328,0.052202190624845414
81,0.1140700335674409,0.039791965738429025,0.05213176010344053,0.050014809190601535,0.08840643243368627,0.04264507088997742,0.02124175145460268,0.02153009741822324,0.059189340579199175,0.03927390972951101,0.08881304449181807,0.024900136611051185,0.06908153949153116,0.10265475093826315,0.015972342325497196,0.03971274976062899,0.044216487224616075,0.025397282962916573,0.013043558800695333,0.04791293628787049
82,0.08635593671184452,0.052534366611052215,0.04925480569446705,0.022672245366205504,0.11101977318177128,0.033789730715729785,0.08434784247481826,0.0353073551196924,0.02141143747823041,0.040714388637802475,0.10809439510403544,0.042176344998215154,0.030506580483102657,0.05790954175603484,0.03543482748427929,0.044895954188568,0.02868851924517503,0.024870331440406613,0.031210644183812048,0.058804979124757004
83,0.04330035576727586,0.041999630968525124,0.08433417662449243,0.14597307033100987,0.016426815407074823,0.027968820258529998,0.027271736916760388,0.014275863212077156,0.09597576359231401,0.04026217022127263,0.03531759861365699,0.05026088196249081,0.062483617735633754,0.05924241946636298,0.026985987958626494,0.06380066570953696,0.03602837232962618,0.05849236898253406,0.025220180009024516,0.044379503933174934
84,0.043810372287898566,0.050357382903642584,0.024550808107673117,0.04415251600958803,0.04023889144444768,0.03759628923557004,0.06372800863045644,0.06776164405012627,0.05844821057847249,0.03773748261649298,0.04045814983008815,0.040881881170900074,0.016250661052196278,0.06879206041185687,0.031211795432361827,0.05921257493470118,0.09011239543697945,0.05723234321076916,0.05827456418308602,0.06919196847269278
85,0.06655161045286952,0.06303591807389866,0.12706155372485023,0.02164872561163955,0.020751086507594857,0.026159465786887874,0.030424825176013234,0.07300864312540954,0.10399136740923443,0.034673304216547865,0.040013731167071416,0.046633362772058234,0.01708078241551197,0.025813074948465374,0.06218483167715805,0.05098568262664804,0.0610667024261242,0.03131272856507016,0.04624355168302039,0.05135905163392639
86,0.04320154284528532,0.05372951984476298,0.009355036818975643,0.006548643580722729,0.023420173586056626,0.03495266304724178,0.016527930302484298,0.05663170056229212,0.006358328277536239,0.13397341037080981,0.13477268667283085,0.05006211121864889,0.014940163474958348,0.012628672108830548,0.023686180597415982,0.044172189416862344,0.041339522817017166,0.12921808622011277,0.09630558160361781,0.06817585663353776
87,0.026274622028435283,0.019586684073508453,0.0729110609043182,0.039804064988730424,0.022509050876433102,0.01678089201950336,0.16455436310285132,0.07273501619470016,0.16123803872891368,0.03263973612576712,0.06959154041992455,0.0210841682311336,0.034549255730769064,0.04921327940779725,0.01757346285934941,0.05480329533776386,0.08172542061049144,0.020568504235109922,0.010235266945269808,0.01162227717923004
88,0.024033741242782614,0.05782241247965616,0.046620872553344246,0.004574589836618763,0.04807547726452521,0.03568663347350835,0.1523097436525472,0.06451759801737475,0.08013126630964619,0.08335491876156075,0.02840448616302797,0.07806202129327283,0.025236158941283678,0.01645331925177599,0.054825939274769996,0.037556490840965316,0.040306756207329174,0.02470163242759025,0.06363099858822573,0.03369494342019486
89,0.020780860387338257,0.0386144176981227,0.0632805122432577,0.033152074980525255,0.018459149940859315,0.04300688868613925,0.05818350071433758,0.021752416678081896,0.04754058641655186,0.050268538428412606,0.20576209633516146,0.0080329424168073,0.012297208287354915,0.03420267347800001,0.048223312785655545,0.042480813977201715,0.026278730900627597,0.12938490179592316,0.07228261551412314,0.02601575833551874
90,0.02527740127664143,0.06610359633445267,0.04479197466570993,0.044366732545041844,0.028776252130302025,0.06964811237708332,0.0759700892994937,0.10351603133739563,0.024202243965037725,0.03361152975713178,0.04775800895739607,0.11895895620776169,0.024059764279467023,0.019024330580175972,0.038088680781088416,0.04040455582104665,0.040089079374601294,0.06631513296007045,0.038901742721734606,0.05013578462836774
91,0.054707243761058885,0.043968775527674565,0.04651004546098671,0.1025132037322784,0.038268850150257466,0.020014182772509465,0.015562848349851314,0.037401977953065116,0.07277861302523254,0.02351185726183777,0.05527045020700449,0.017378890470098354,0.02783981419229338,0.04464254567331969,0.005864614621176129,0.11592161882304663,0.11745205496496383,0.07724431659294007,0.05543238207634163,0.027715714384063592
92,0.04329196082624527,0.046766193541181604,0.04528865456240026,0.04700499999873017,0.0249323201105551,0.0639609842365961,0.057949740615136615,0.05929128073707457,0.08850355099057457,0.030362775302339218,0.06899097677106794,0.009341326265999665,0.04754053644881928,0.04884181066525778,0.044560967656992585,0.06373773800008298,0.05307311872087638,0.025287389693711384,0.02173474726835722,0.10953892758800128
93,0.03816011918732049,0.032017024679767574,0.030529303793368177,0.028465356691023697,0.18024214149377638,0.039437545705489026,0.03266833297598634,0.05744910862347941,0.03294727988633332,0.034468956076965096,0.09327042121646184,0.06260743170119405,0.020994260909049135,0.03415192372820065,0.06295626838159789,0.023796684993548922,0.03985487526560672,0.011998795777868427,0.03686749571733469,0.10711667319562812
94,0.030328989373437542,0.03763371671620565,0.07998295108598791,0.034052593048664065,0.029045061853061112,0.07158180830777292,0.04727574113481629,0.026173285195138528,0.07092918752219936,0.02186692783477072,0.06041497726566606,0.06544125686248532,0.021726765641816092,0.04593990207955261,0.010006010570000263,0.06658776875471827,0.08803014503691547,0.04510463734999731,0.045927527472675235,0.10195074689411933
95,0.08581197137176345,0.08847314106331099,0.04765448286800873,0.022905475391567284,0.0181053258293414,0.10227053594265896,0.011819922525800945,0.09843446338842747,0.06600217292152386,0.0775570128412128,0.09012970623872264,0.007807644999818753,0.04708003776111969,0.010780617298989019,0.018476341582097176,0.0597533199026055,0.0508532634264098,0.059445956569328155,0.01907953262817143,0.01755907544912193
96,0.03717202692122236,0.042641414867107645,0.06696226475712198,0.054891874659992776,0.08653083318605087,0.030016218313604726,0.05869940201672163,0.017369889289454567,0.02352593072855912,0.012697950198368496,0.06136786558538282,0.013715498632934916,0.04628252701980774,0.09489505318839458,0.052670033999459166,0.021336274774925928,0.022725017752557888,0.07392997051256468,0.13785930110527575,0.044710652490492386
97,0.0552666232622312,0.038793578100540335,0.05826714576248698,0.04195302605440366,0.03597441639322947,0.05185719546900715,0.05562044049723945,0.038056644963003365,0.043605625001440884,0.027381050733098284,0.03141263183013003,0.03608799056107489,0.0072325167785218195,0.05661462701986299,0.0438803598195338,0.10989651450773445,0.04331456285815898,0.09686863139324671,0.03631306085670433,0.09160335813835123
98,0.0610301903458659,0.023905948534554675,0.05042384191422339,0.04902665954681929,0.02700801561239208,0.05730794580778333,0.07571305282082258,0.06486880729772254,0.049911938526920094,0.05833960191145409,0.010243719927882887,0.12412705920574528,0.02753617617339438,0.0500903352703131,0.012370847280193829,0.1457245707976482,0.025029884731902142,0.024943360795976834,0.012376585959773331,0.05002145753861207
99,0.03736970941407413,0.02814036612564696,0.0659522909983718,0.07510071509268093,0.01745587959397664,0.015426891694542451,0.05463190170308617,0.02667029575092726,0.06072084199162634,0.03574738360785941,0.09315486674694189,0.062237063944362646,0.09023544122647438,0.06896296122448961,0.083020804607703,0.035822657128051896,0.045988379570106944,0.04851405495990768,0.02029963470110128,0.034547859918068545
100,0.019810075821814602,0.07377371770635846,0.043377225763088424,0.036773552175129905,0.08609927863946751,0.04566080392364886,0.028662103199930317,0.09428331474362185,0.07306996447386215,0.05591442835931392,0.1528067995182666,0.04279901614980606,0.02498730278808485,0.024391066076449315,0.023933513060589714,0.027430793698836352,0.01781666615503381,0.015215084313070457,0.054828861596917286,0.05836643183670956
101,0.12001285770962163,0.04488459184172827,0.04303690369937643,0.07051859617739746,0.06108784328810844,0.049396857548725984,0.013865594625941242,0.18944289474366946,0.01620659685790246,0.021311657323136255,0.055833633137847304,0.04482554199338856,0.037943769384213386,0.029541753153294405,0.009026198315176114,0.014932558903506631,0.025508780870102426,0.07281790594380319,0.043414571445135025,0.03639089303792536
102,0.0219320933513008,0.005901118619597666,0.028939538849610237,0.040856352238978995,0.022663070591300776,0.137106234650956,0.03422464159815718,0.029613008510210512,0.2262288826229885,0.03245793573531465,0.0485696142468791,0.0780575763892471,0.040862618892952396,0.05746696858617201,0.01162535088565326,0.047591970866944854,0.05368355650782162,0.01614688576064528,0.04637875451285044,0.01969382658241866
103,0.06819413904190838,0.10490609266471913,0.07137209685656692,0.018723710496977533,0.02526692149272036,0.03452178482384543,0.08577375191450386,0.03599283639808413,0.030075164206558327,0.010692351964820917,0.030812096033330186,0.05734713199069806,0.040224240992818086,0.1417158049128662,0.042927223286331265,0.05187866268430321,0.027025292471488604,0.03134743038116756,0.04375216576917485,0.047451101617117
104,0.041269774565986045,0.05829353154078119,0.023644284079294475,0.04110033063251624,0.037433528501529,0.015433090901771326,0.03908871865272521,0.08931848584760543,0.041354293410474426,0.1409592235716842,0.14965992820195398,0.023327733914765822,0.030455959781888742,0.01635778474890283,0.03896493519320274,0.019145525684097702,0.05408211919722552,0.033763900134060686,0.06165392817950794,0.04469292326002651
105,0.014816657080868219,0.039365561343998476,0.07616146585845787,0.159224942023311,0.026472552841494957,0.058649884276453144,0.05670338832470021,0.018663277358952856,0.031622290321186936,0.04505844291906528,0.042397920644106746,0.09116170985645337,0.008209718367921027,0.05719556602095439,0.047571921719000716,0.01960274893247867,0.02880843359518293,0.039849059522994175,0.0898322781353955,0.04863218085702348
106,0.0971992576131049,0.02507198800553279,0.041778287522492734,0.08419087219876628,0.05140521470187984,0.017144298400701755,0.08981309003352722,0.07886027078841829,0.06754659171648388,0.02334353048589651,0.05736460298279657,0.018379193770350976,0.016075313639623452,0.030752315722502692,0.043372668035969494,0.05027061646312601,0.06144336746182124,0.06451777016077397,0.05867402459236247,0.02279672570386898
107,0.02869401201145772,0.0371656507592593,0.17560343549836574,0.12895568065396654,0.032691846983234,0.04142592594348329,0.06342375105417815,0.03306873547712304,0.014763328054945598,0.04621258889638287,0.07219749455008576,0.11045985834081921,0.02969972559906644,0.03273700961438856,0.022641754835357908,0.03080391147719311,0.016562482795950968,0.027599597659785622,0.030987207377161905,0.024306002417794282
108,0.025555441486809233,0.14771060720133247,0.03995300532808291,0.008496966486614618,0.06045438511924269,0.029575189590144664,0.008778898847000324,0.11937846635049304,0.01374699281909179,0.034990296507547196,0.1154686511314714,0.013813650611293053,0.02025577396541036,0.036875028681811695,0.024681515022235746,0.039194169560907446,0.06245783962583014,0.11056696133396562,0.055561527928055306,0.032484632402660314
109,0.015227940760878423,0.03230289217130269,0.02694860063077306,0.03672293263826916,0.05084288785220698,0.007030275209964481,0.03087243358794215,0.10172287349452759,0.006215878156937536,0.15706297341002562,0.0721128778965886,0.05514263796719729,0.024830634983976644,0.14868004545097477,0.017687437780197626,0.01326959362624857,0.034286757140398506,0.08161520962604799,0.06224963181567714,0.025175485799865185
110,0.05303082943176456,0.033329937572374214,0.11622940170388901,0.05647199923109463,0.06516422185331396,0.053231051264521594,0.04222785389730114,0.04966207254240689,0.0784704644539733,0.030296159061871542,0.029373205207905505,0.12860846809118331,0.004894502700707261,0.02710843065010282,0.007709282441915312,0.07352421131552467,0.060704432654021104,0.0329959238133309,0.01956427043747374,0.037403281675324536
111,0.0876010167553709,0.06319568176709198,0.023371727405429258,0.02595964534414561,0.03605870158025615,0.04164154606417458,0.02235420238131498,0.06758067115700733,0.035586630319758755,0.13714766906420167,0.01898626503194398,0.025131837751044904,0.015849257700732006,0.042515386515152825,0.05786001313388497,0.046092260342122666,0.057212948762040125,0.09843962674129332,0.06840705611367602,0.029007856069357962
112,0.044834097991019985,0.025619972599718148,0.07137776802497121,0.015389215674035686,0.13806817484487038,0.051956357876625135,0.041545780243386045,0.05157898979610351,0.068894644304243,0.06299538300919356,0.028346260252326675,0.028986757600153817,0.00647100251412038,0.016615343457862457,0.02717711842319665,0.03762204601601387,0.026067266537858007,0.045517202169645325,0.19246381708564098,0.01847280157901517
113,0.07422712804467671,0.009670545196092556,0.10206773907849238,0.0987820864199894,0.049813110640544896,0.03176192215478709,0.04514710323885239,0.0281235473370145,0.018738688428318762,0.02174917403965655,0.013935423512962683,0.23126397699335638,0.011325104206899948,0.03943839145733441,0.023367619544955958,0.014919525393222176,0.021814280954008114,0.04538997522549872,0.04231767910876616,0.07614697902457022
114,0.029938455091774983,0.018560935490141296,0.13246658513998735,0.2646380766012765,0.023628975516629406,0.02058157817976715,0.0160879900880972,0.03084881759276668,0.0265410621841825,0.03434569311728711,0.049715985457218045,0.03042545634052168,0.01911167307021056,0.07251053115759548,0.015893172649764507,0.01166794802314527,0.00602820100602634,0.02332299757260662,0.07952312378501543,0.09416274193598588
115,0.19452009281561322,0.021060002853131653,0.05065488193546784,0.02797510765211051,0.014999775237174051,0.12095909880076786,0.028350899040606038,0.020567985031507453,0.0290025237945064,0.011110075242943418,0.051268017218632396,0.037634571037063046,0.004786436701761336,0.014672959765861098,0.039195525435372705,0.14550949459701457,0.05648826047642159,0.043917475842945065,0.048535451842649915,0.03879136467844983
116,0.07056145871719571,0.021691142356437047,0.020497047621200363,0.03537813026905544,0.11784743837655505,0.01576766660793954,0.027527411940984188,0.09306121365647844,0.023319225482766957,0.21519148485226788,0.056968963655149085,0.01646023935947206,0.03573541583597905,0.027154943592663763,0.042716847348586245,0.035340047608144465,0.034869917248427605,0.06011714949251282,0.02970881781579103,0.020085438162393235
117,0.07962208967485013,0.03532578948555974,0.019008451616889285,0.05164497315156913,0.02302788126936083,0.021813817710564523,0.03956389421064196,0.04169870611963357,0.05047303391786338,0.036589807122346815,0.11577404903311943,0.04172889705996658,0.01069563402952061,0.12979253487284617,0.025093671295560255,0.06897074608323019,0.08312976692168815,0.05147536312445726,0.044630149873606015,0.02994074342672601
118,0.05975497420224203,0.01966147048647974,0.09200127175821887,0.04371415854469292,0.060546313696565844,0.06319566663443175,0.015466577704245692,0.023098797810322237,0.06773231458100185,0.023237032896713482,0.021919362191861854,0.0429744779871594,0.10458128238307932,0.09332212157222414,0.04385760880276629,0.04724220997471266,0.09428840187508883,0.02489078676779841,0.021318192137479104,0.037196977992915596
119,0.040170937402615924,0.22075373688020927,0.045172917566294955,0.02887844687114752,0.06706461093344998,0.058636811706508286,0.031092887527237257,0.021339165320650375,0.06112594573300529,0.022882446301784126,0.08334809904765077,0.04735085371987407,0.020836592495069646,0.02645932620249139,0.030204814517141368,0.02622913536932383,0.04340402373487907,0.02543241454455921,0.03260867582991207,0.06700815829619561
120,0.06060840452735552,0.053349807188324654,0.01958714809013128,0.06124702555667027,0.06930434105931818,0.0328603303570505,0.03472011362326721,0.12184869481284318,0.030578339423935223,0.022415271300861534,0.038380919820651706,0.047724637192028144,0.0255835120246727,0.05870985412186358,0.01926440806118834,0.03501916789010146,0.043427939168220624,0.16482754737325808,0.04125600196334736,0.019286536444910473
121,0.04801256440855688,0.01585428802773082,0.06202020739752792,0.042586748647535186,0.02742914588204319,0.03415169909308277,0.042261484114764616,0.018561937710802882,0.11360379205342565,0.051699913500886,0.03950564622149836,0.06491982539357918,0.06766755232790668,0.0829470296160705,0.08815153313404851,0.08016015342564668,0.034056315393119894,0.03127357021593491,0.034475880049932815,0.02066071338590657
122,0.024841332645510562,0.0503205890316692,0.027245021801279908,0.0850401122512684,0.022780013739275587,0.029504594302013333,0.05490401401415668,0.05195922819699799,0.037432170309566436,0.2244871733948793,0.037942720478747416,0.0754327616714929,0.016480542125699195,0.051859166488937715,0.02277146708787839,0.06605970957871875,0.0212529696645542,0.0324759956027387,0.031950362763797265,0.0352600548508181
123,0.034269136174141325,0.023220373361129715,0.025082748484751644,0.012566835211369082,0.0514254246824028,0.029387243028438665,0.07057169579896014,0.08211462407296091,0.05756333427610308,0.03205097530152739,0.028267786780017422,0.10330475286579954,0.013241845052541876,0.02836865843462624,0.02463573802383259,0.1229906430517446,0.13551085558395187,0.03459293757100532,0.021544069982216096,0.06929032226247969
124,0.0905768239223485,0.050479651481407255,0.13415037865321808,0.08826713053197525,0.04852577667389441,0.005671441878300291,0.028599213183129107,0.023027809669472973,0.03288911100463996,0.07384441164114505,0.033174772672937475,0.021553518587297624,0.0865148151331723,0.04107013261251798,0.02968569838157222,0.058343069723454904,0.024081160744883916,0.0378285222427678,0.048457520772789156,0.04325904048907574
125,0.02868724773676645,0.0395496255336639,0.06632444458238797,0.02518029431734495,0.052666680411936395,0.011705295113100058,0.019787499067823337,0.027901012407798534,0.04356384035093044,0.17840265366233374,0.06526476736753485,0.11861335218357454,0.017303377248540367,0.07506078892248619,0.027203052136111433,0.04362258653117702,0.01867330665917699,0.045550267510950794,0.05396843437019065,0.04097147388617138
126,0.04192842474167199,0.18962232467046575,0.10673094375460719,0.018934211382636384,0.060234988658847036,0.05493560857309326,0.027452949484394595,0.03556086246841287,0.020745408418148446,0.012254143857559567,0.0481822337015327,0.014847626407690972,0.042146535507703996,0.01466165528407625,0.030389149452055255,0.06315167111037767,0.041058472364458275,0.020672263999463356,0.07710502401206572,0.07938550215073877
127,0.04239301602164271,0.05371507947626844,0.21160548692375655,0.029790487038201197,0.04970593329018512,0.03243462179749766,0.008891930080011077,0.05824010879031348,0.04866733670456942,0.034071122033088756,0.015920810267251513,0.026953389464412055,0.049276580600020464,0.01070150412485598,0.02571167069938019,0.03773799083228838,0.027642130758877954,0.14558243623566308,0.04613776020373824,0.04482060465797769
128,0.041668299926026574,0.03769852665371059,0.052458084608582194,0.09176331975532162,0.04902620298941954,0.094483793238615,0.013330531898025742,0.10033794472429852,0.031561820424863905,0.02089718090728608,0.0528082718853845,0.0301498620200144,0.0244062978470074,0.02130447678736208,0.044328494205554486,0.050404034324713236,0.1660398720927562,0.020157225365500978,0.026938647358731943,0.030237112986824997
