site,A,C,D,E,F,G,H,I,K,L,M,N,P,Q,R,S,T,V,W,Y
32,0.07323322995496243,0.07770446472344021,0.02982588566606758,0.13943333454689824,0.014266638541589109,0.08216534914859974,0.041644754158193235,0.03332515093725193,0.015106365388045643,0.029343232093783634,0.0292242715416835,0.06634038885005811,0.06760870504225198,0.020086915353291195,0.07589150542959229,0.04606221117438571,0.05949812912520493,0.042696204246845226,0.046924826444431744,0.009618437633423599
33,0.042369431018740064,0.03926906885134373,0.06271032591592195,0.07378836725220254,0.06379436840297859,0.08307739328471762,0.03555918769434378,0.027795116411523775,0.039275921756568855,0.002974367756212687,0.029775348814083422,0.06998037907577999,0.028389990304750864,0.08465247978022916,0.02734367684056631,0.045683673767604474,0.04788098408836369,0.04124744204587537,0.08945302574829615,0.06497945118989698
34,0.008565712021435941,0.005614352694155583,0.06219001611911214,0.048084796820986035,0.08227705363523699,0.04045337038674833,0.06318253158470018,0.03915701014255483,0.009984655373925417,0.0712771051968725,0.06011472750737626,0.01882387945958974,0.034849698624889056,0.017730650950679275,0.05727567414610604,0.03508284311478946,0.06855302051432707,0.08834736099953905,0.11572546044324418,0.07271008026373195
35,0.02483238213446842,0.03274762416113073,0.04149985662702042,0.015974494673779517,0.11675427795388811,0.06569438027212018,0.025743230212342125,0.024921064989703166,0.022767792156613342,0.03310249628765192,0.04906214631958541,0.04071616400174741,0.025726024356428234,0.06987369547929854,0.08650880237095393,0.037244909790700595,0.011907384186334701,0.015603171684041996,0.18882607212635952,0.0704940302158317
36,0.10418641093720742,0.06319868455540507,0.034115855258671085,0.02352555043006559,0.02329719866940775,0.03290845121746305,0.019659032397661723,0.12459516926046597,0.034718787204420856,0.009352790261582047,0.01490965125708413,0.0380086488642357,0.021589009023558505,0.03205434731689226,0.02219040880393834,0.06412852353582356,0.06969555010389504,0.16874701026928124,0.03830550748431832,0.06081341314862232
37,0.050264291673450194,0.08129423881573813,0.02338596776665551,0.02037479525744526,0.055203541115723724,0.02729528568035731,0.016596513662346993,0.06294149465718396,0.04396848936560708,0.03187352858786381,0.048387425389853925,0.08357985704986369,0.023992270626990005,0.040064340573672044,0.06930960314671575,0.05447280276705402,0.1566325918133924,0.03743058052625753,0.020515568572424904,0.05241681295140371
38,0.03407369681061176,0.043684409080034445,0.022438253693733343,0.037549710979090475,0.05659854967667078,0.027232747961242483,0.02591356937751977,0.21047401023375242,0.04710594017549679,0.012129288944136027,0.030219301542279572,0.03740802190332956,0.017422813157634016,0.031260204600731686,0.0232050509872714,0.04090769998820831,0.013957900287025532,0.16933767463297966,0.0599209292071193,0.05916022676113265
39,0.028531915879181836,0.011027520319122346,0.04356892768018814,0.05006659907148225,0.26004238669658886,0.05003111277156577,0.033904076639723515,0.018560349280327643,0.01585309294918644,0.01719086621585786,0.08592933763514154,0.06278611302580976,0.015836469367244033,0.012976935595105826,0.04525179185135787,0.018426717025621254,0.009725302358052813,0.01919966402961851,0.07439515244511279,0.12669566916371097
40,0.010112592620285684,0.0776711254626482,0.07293135413642288,0.027199384345370118,0.06003607976941183,0.02807022147659615,0.0256416457549484,0.026263491279666182,0.024999329683328596,0.04884469463581026,0.0360055485938109,0.05859095548650837,0.048897523750138054,0.04495898091216885,0.01276508045827631,0.039630576694041096,0.04499116692104573,0.038005732979377316,0.09433918273404993,0.18004533230609512
41,0.04175200932753728,0.03614170340657287,0.0865598221758461,0.044930862344711525,0.02215011256077399,0.1865206669044712,0.055223683541552375,0.03637949322986751,0.06247972063967907,0.0124088410092371,0.021412553289368436,0.020279172006376744,0.021668878205225776,0.05581920515362401,0.08433535336527644,0.023827605200495094,0.04433073041375376,0.030551368107953374,0.07938389512179977,0.03384432399587754
42,0.057556629514592214,0.017464029348350972,0.07858644359830987,0.07656230935704433,0.010665741083815202,0.04517341534359439,0.03608520256828774,0.05327458861799143,0.045293159506296324,0.04310941858487852,0.05089282787519816,0.05426991010471019,0.017205662431699784,0.03088675099504673,0.05123980500233764,0.033321778517228215,0.04624674301303322,0.16861807303479595,0.06279900447667972,0.020748507026109406
43,0.014421064979022697,0.04998021567397262,0.050593439358945023,0.018794540809507147,0.04621880984728396,0.02158140160696816,0.032969440334755365,0.0568968253397904,0.02792218612442315,0.1014033526711924,0.02187643447646391,0.051468354830332,0.23003659549698385,0.028581466880071713,0.043616002353405306,0.03666232332471174,0.04936395269257931,0.018489113839857383,0.036110844351193966,0.06301363500853992
44,0.06413828324886164,0.07046254441107529,0.02865574780696461,0.055951042444681846,0.024936991507499975,0.031299147028278546,0.05764318241699438,0.10779215769827749,0.1469745328046436,0.0195189480975101,0.03744195209856718,0.0637980759231511,0.015643490611288693,0.014787355549123483,0.018900945341305042,0.0415163003573407,0.02996051045577526,0.14129426172010648,0.007205753842057306,0.022078776636497197
45,0.0197478854263481,0.028414120842406503,0.0405452861121716,0.01991021765303603,0.08233226717369634,0.010845004810114318,0.03222254471748933,0.03157473921232748,0.0490183867401197,0.0641605417621719,0.03890777557073834,0.018928602255842624,0.06481795308377748,0.027756136512891872,0.034209626811009926,0.02592816522602742,0.010407273610047856,0.037854930004215706,0.17249905044794453,0.18991949202762293
46,0.11604088680845598,0.03322999271983612,0.06907361718240329,0.04664596382972662,0.02656600416395774,0.026430481649149278,0.034229775464653146,0.0663584041039248,0.07108209418427675,0.04479483110584318,0.01078474565533103,0.044435529239640024,0.015161856487447688,0.11504392734974986,0.03725757793640525,0.04184220665567481,0.07187729660303231,0.09175290781701594,0.00712483399942006,0.030267067044056118
47,0.029024883879022512,0.011846830972210197,0.08673422703372644,0.10495531540851577,0.023134919227021725,0.016650612654590204,0.040936350825984354,0.02827382663924368,0.013727877258620302,0.010120447796394592,0.08273222043371252,0.15267817340988885,0.09765871697854774,0.0832117580897176,0.020514543455298292,0.03402892990817688,0.07179292865994201,0.03938298505873652,0.023346052152679722,0.0292484001579701
48,0.10236602674124387,0.10959520726324215,0.021158834169450847,0.05539423502378353,0.013608200903771284,0.09043867168651637,0.0443035233429548,0.021947418478996762,0.0335633607900439,0.02647664458506431,0.04559970861554882,0.0500267233328257,0.014075259988862424,0.024926636732561337,0.017619409285328454,0.08293428803835505,0.11198683125013918,0.034107471384666195,0.03457285510294275,0.06529869328370229
49,0.06282318816670066,0.02782246165561587,0.05902645032839639,0.05475102509059126,0.032746550227240684,0.06968204877079372,0.02924813672895291,0.08900743260056727,0.06602214644281294,0.031575574908062065,0.05309992019132919,0.033892702480372745,0.032415652659111546,0.026817267705806783,0.08040534814099842,0.04133647298700573,0.08650295666288753,0.06459896864208539,0.027602801667410307,0.030622893943258594
50,0.1548954301970047,0.03603111119029353,0.009820682905276528,0.02283083489528395,0.03662292716111591,0.018564084092189605,0.0071710922608218455,0.15563101499003004,0.030683007686281984,0.015017613004649369,0.06300740233722253,0.04402426991278056,0.08871932678174471,0.02752642271334646,0.022866271180097052,0.049372672373299724,0.10031621506275717,0.044672557017721486,0.06363393706576682,0.008593127172316037
51,0.07361660142037726,0.03395867049749519,0.014299045252185675,0.01701496853896261,0.05999299609834853,0.06728399083328807,0.027334320276235672,0.12571882141452606,0.004132261367524066,0.033025907829718315,0.047803396771359384,0.05986225536754315,0.0710493865443873,0.04424159573108791,0.008419650786409804,0.0842464058041836,0.09048050956862827,0.08258862405834975,0.026479795564504707,0.02845079627488467
52,0.020461747792729357,0.016656458363308518,0.03767506812548418,0.04141561747816076,0.04688699094458059,0.02284571956962359,0.011936423542900539,0.18354842138944308,0.018781466136774543,0.21439246676323756,0.036907344327499494,0.050405114789707064,0.054235932860061335,0.05983048928471455,0.03640403696432051,0.0291747166157137,0.02796867739061724,0.01971589763959824,0.02920831531766933,0.04154909470385584
53,0.007494602134478008,0.07186353770089098,0.03996843192145017,0.05864597864365983,0.11139813707581507,0.022946966575755463,0.05695638808058632,0.060738265756979784,0.010257849926089262,0.06588902483775351,0.05265888581324092,0.08499186887239585,0.0134175201854042,0.06865776892797504,0.014786639272185067,0.0489914467252511,0.026040497853014957,0.026881348719172228,0.037191878980419014,0.12022296199748318
54,0.048722029168817696,0.22355340806487867,0.013952003177879325,0.013987206444174947,0.04398236505986995,0.06272758172452,0.015915730684609396,0.03262648449202203,0.07841070444689148,0.044293215940964435,0.04437209645540614,0.013659361279806657,0.05278455309603075,0.04860160286391642,0.041452358130697906,0.028710730788223494,0.016281715093821803,0.038495600415764185,0.013575422128441934,0.12389583054326274
55,0.14684748652085414,0.020078396727989656,0.025702624585198453,0.05186022039410077,0.11790662284046041,0.041302813127048976,0.04468045181336224,0.03285354505550196,0.04442179971902948,0.037261767011835985,0.05343927143848591,0.01902813465439361,0.02185533569489296,0.04501187805326224,0.018083154198778328,0.10443751021947308,0.10193316136058356,0.02954081818871125,0.03237754707282277,0.011377461323214207
56,0.062084773347036284,0.06166560444573546,0.03162016433370194,0.03566145817211965,0.13289294557216816,0.0554190773870511,0.0360146607485902,0.07274993054621519,0.03924604726135225,0.025429346807976275,0.03883284995261648,0.028257078673833053,0.02815393205531139,0.013317767520548397,0.020597383642169148,0.15044675325061427,0.040561406742863695,0.06480802221987848,0.03730398804097691,0.02493680927924169
57,0.06092065172303119,0.05281933606742793,0.06815598104040163,0.0447526193895189,0.05322409823099007,0.06216079715252773,0.059158943120985796,0.055906615697530276,0.030625762985743175,0.04026795530756042,0.04747732144409401,0.08294335151622233,0.06039053387390418,0.04025134555991175,0.04327947806604321,0.050357187008959595,0.03081342017407168,0.06040735559154294,0.04693085895984573,0.00915638708968746
58,0.03136157000195907,0.050533254954390275,0.05046490611711273,0.047978947547372024,0.04585713270705206,0.026911246387544246,0.04752512026058018,0.040338872359007315,0.04812526203647204,0.0484799414903923,0.045775949627318735,0.049576177814097025,0.09521480270967984,0.03247965565120717,0.053469781862156514,0.04127212699382224,0.05935708079357212,0.08116421804852839,0.04708991060406652,0.05702404203366921
59,0.04649044946718664,0.050326597938550086,0.05037853635801132,0.08799856964265707,0.05201068985911353,0.0462267840314679,0.05106105648672037,0.027970784010356988,0.05031357633004388,0.003932852022704948,0.047979945593514726,0.052367735990897855,0.05164755433342723,0.0686248293426822,0.07642496096112962,0.04458363091409766,0.04470135186940116,0.04758296801684596,0.04783023332464119,0.05154689350654968
60,0.022357261918757018,0.048576650225582316,0.041920912767146594,0.05177569756776254,0.047512628197396704,0.09841598641681493,0.04928952348309029,0.05272698964781966,0.049105164150688003,0.06903850453370648,0.05602218399086901,0.049798934389749354,0.04339884277665683,0.04663209526293681,0.04478808985520259,0.012396740417022652,0.10736403996590473,0.021632452324380574,0.04530422978758311,0.041943072320929815
61,0.04800083756960958,0.04204246731667894,0.06255833677551041,0.03317685207034199,0.07519578764951096,0.01830341480746345,0.04434227917749952,0.02831872418184675,0.04915994335429332,0.07644629669477877,0.04987142170236229,0.04137246924437261,0.0986893907130571,0.09951846164579566,0.040361466158446886,0.004379087176795197,0.05721111859118,0.02920714213828504,0.05726337588625274,0.04458112714591878
62,0.06527825614798077,0.01766494566270074,0.06003047363724936,0.05359114125725615,0.05629729966178172,0.08779518531472418,0.07515448856973486,0.02783750024098797,0.02419456214527545,0.014413899620922974,0.08625067583577214,0.07043962352381494,0.026806185593954927,0.06935662339771541,0.09270545857441621,0.018464626445754403,0.015690865831635807,0.016910281029055806,0.05873199761276217,0.06238590989650404
63,0.05780112078191332,0.01644280606022316,0.08861124847479268,0.05196057600666752,0.01713641055445965,0.05724801062732663,0.13824827063544645,0.036617093010091174,0.035382410807008075,0.018386224385962623,0.04882486713001341,0.022877537546092327,0.08816361287908177,0.05233001868090216,0.07890880608924238,0.033883757511981624,0.05580520777080796,0.037070997024572616,0.030485760971527845,0.033815263051886646
64,0.042045224093265804,0.02626707514318831,0.051605934145366635,0.057784747507938564,0.03368001338412262,0.07277192572218219,0.017970052118621113,0.02429337358188806,0.06504331118957517,0.017495945190814315,0.024692850677551097,0.1813065097836437,0.018911416154695746,0.04109327111643835,0.08309670272048879,0.05092264920910344,0.06436358512474517,0.04571573833792834,0.030224821096835296,0.0507148537016073
65,0.02595646574763466,0.017485054098806557,0.015374441487805495,0.08554187840943193,0.022680121682495537,0.058518027600067385,0.02791438224113136,0.03545825516991487,0.040809466221634755,0.05257002014029556,0.1574117494662877,0.035123032828215675,0.014793214637197056,0.07900971899222023,0.07878036698684486,0.03627174720019551,0.04807585413495753,0.03448105813094376,0.0466138614473169,0.08713128337660267
66,0.04621324618325324,0.050642256752319266,0.04949674333297738,0.018888683933240894,0.025383586397783948,0.06054049733720767,0.05774734990921968,0.07010122079949717,0.03563727115343344,0.043073574165080716,0.048948549683157476,0.1295290239993063,0.04065401356508061,0.04439804033675294,0.01744786487006458,0.0723258389657746,0.02210187579623958,0.02438645130170359,0.05985541270123506,0.08262849881667186
67,0.008939928376025244,0.015498276966523937,0.0454325689704182,0.010863816971363556,0.03312123624507701,0.029270216519415606,0.04132347011988735,0.03270869774862811,0.008494939748659227,0.007995476477039895,0.010739805584954656,0.13911605301872015,0.07594912465087957,0.05672427996483542,0.06997178348455523,0.0687216860265814,0.12946182600662368,0.0728530532735055,0.029811563763083207,0.1130021960832231
68,0.009675155948470017,0.03931789025199849,0.016704807389424915,0.0349901567327523,0.05682559466350074,0.06818805758791308,0.011453777399161718,0.23191434274882985,0.026238141128201754,0.03754964797475292,0.03043056414704426,0.1051846811744633,0.030136787734657968,0.024224540679393346,0.04538597239773068,0.04460683537492541,0.023256611953098742,0.1013710185148591,0.03326000057869231,0.02928541562012908
69,0.030088435552253726,0.02307455158030874,0.016894495158637675,0.0208207431610777,0.08802794642805711,0.025323076584715578,0.03456531041450613,0.03297686901972805,0.024651399516019436,0.08165270167951365,0.13302250033410432,0.026738716804435545,0.020673079836586963,0.03847180004759614,0.03181994539778771,0.02553136033959396,0.029759904018651435,0.07982003130458959,0.17102464911568624,0.06506248370615023
70,0.06338166948902696,0.05490290761916921,0.10099283682587475,0.054688409152271314,0.04558853266528452,0.05545704773648008,0.03455522576715913,0.0496023353270104,0.053678220567278036,0.02038701626543409,0.028855522931636877,0.0069757163941138855,0.008895148877539692,0.07653469521104542,0.030898676496900465,0.04941496670740847,0.13047422900960667,0.07500742247536586,0.016798773165902406,0.042910647315491796
71,0.07534259471493882,0.049056598943274354,0.02387023761640247,0.044890794926092804,0.01917978096262099,0.029201938827835273,0.044996858795453155,0.029057991604316682,0.08726627048358433,0.0446782659314012,0.020542883066701018,0.04387064994196562,0.052914200841390854,0.03503306810750858,0.022592341486149657,0.0610927007238866,0.17811009096295308,0.03965570052016225,0.06864238391465066,0.030004647628711602
72,0.017045092453901886,0.029479877632819933,0.04287067732759652,0.05641335336357713,0.03195765918569391,0.03133658641507694,0.11084492800758974,0.027562731509352137,0.012723619972968983,0.030998085285600354,0.03627475477598698,0.14880639771857057,0.061126263175481324,0.12651588273118744,0.061642248925258616,0.045225493927568985,0.036815944805627075,0.02053100710399521,0.04725029320635075,0.024579102475795523
73,0.07209723864449756,0.1317238875604442,0.08578052415124596,0.022808960386936736,0.06365303354899826,0.04561835433717461,0.015937162823411146,0.06344732347395093,0.07032036620036204,0.08748269228744474,0.043433836999519276,0.03353773911197746,0.022787831111327386,0.019248197755485773,0.03280229364685662,0.03276944873044765,0.028360302635022903,0.02231792477145321,0.03353595193145146,0.07233692989199213
74,0.032886470488229756,0.20586476094830328,0.022947970297714126,0.01420561470699042,0.06862147629034814,0.06821678833043936,0.04776896578651137,0.02400544383066271,0.020812840398654938,0.03345597780768803,0.03229496257125768,0.03227295986022816,0.026528541309272846,0.03723627528642687,0.018078597445869,0.026974625050823625,0.029682516031008084,0.10141817503934386,0.06136556497326287,0.09536147354696488
75,0.04391449871559522,0.033778136944292124,0.05080962862444165,0.005678823671366073,0.02225358110075902,0.012873485976326074,0.04583515026184164,0.12696769567693705,0.005655500270961425,0.06432473343989827,0.11693419907505478,0.05263580456500208,0.0785991425979821,0.023267058564401526,0.014752436828042635,0.04442760821267553,0.07239863917761127,0.13391655500319694,0.03830535586494718,0.01267196542866743
76,0.039035498556311464,0.00950388611960039,0.06753628809862854,0.01453711349016339,0.08691422242286559,0.034682579234183344,0.025773182417407288,0.04148423533028535,0.020715957400922528,0.04681414660495284,0.10987226576518117,0.0390376262043626,0.17127612337657774,0.023826109108502202,0.033104850767312816,0.06606777762400153,0.040602908468111036,0.021593758801238067,0.06078262996139397,0.046838840247998136
77,0.03382645363185962,0.07103397663010534,0.009466163426134861,0.009954454800681793,0.024162823775924352,0.052311722469882534,0.020518196056479043,0.13886435779721276,0.053474043467559226,0.03816221776247001,0.05534712107276929,0.0575688211321402,0.023557154821640235,0.08361680369741654,0.021956157148398145,0.05196617028528584,0.08107585681054698,0.14454927169697895,0.017796413583032532,0.01079181993348172
78,0.04960865012831859,0.051066844373036005,0.06641521220903049,0.10232482612182439,0.006010481167179209,0.013029053424624923,0.025055439687585942,0.04049633003034541,0.019373227498106656,0.011781423198275829,0.10926790585263815,0.189184874728188,0.03550646017450378,0.019621798761667877,0.02151098799498116,0.02950138854656251,0.049392834913655134,0.015324335161129824,0.03391797250818623,0.11160995352015984
79,0.03758153827420504,0.09773034410403862,0.023956991578428635,0.03607201780980024,0.08350672482773587,0.022596747694594136,0.04905066830074798,0.032094181072281174,0.0418327371585431,0.07422279273917332,0.07637735454290595,0.030580266555178884,0.06066742860562803,0.047806742487452786,0.031417630821685666,0.08497085196991044,0.04938458006324943,0.019320334415662294,0.055424379888597636,0.04540568709018073
80,0.06263681670792022,0.05911742390249734,0.02592288310663859,0.030096805215772116,0.0579500378218867,0.07547066241874317,0.038553592473599664,0.03365977366068888,0.035837802490623946,0.06448183697234625,0.09202332597835224,0.07385822680166225,0.009525679184622642,0.0488579939645322,0.09367809863040567,0.047067316504586745,0.010071683153800363,0.07610819181490444,0.031426417170946845,0.033655432025469716
81,0.0627056081407619,0.03546641492962787,0.03340224401150456,0.06143351592023598,0.030064026150319962,0.04620949234250262,0.011466194565074337,0.04942503777998431,0.09924931817778979,0.025328974420026455,0.15386377254051906,0.009179967379188594,0.06918208399760503,0.07547384532018064,0.034890755035171556,0.039950773891536506,0.046002437119116925,0.05890224838250086,0.017694855828081803,0.04010843406827126
82,0.08505772449100134,0.044302580887793826,0.04620379656229161,0.03408229758213178,0.021435921825622973,0.04759666317564541,0.0865096847799983,0.04440219878612756,0.02649394748464484,0.05616006620361287,0.03429496039690066,0.07286539263013286,0.028840029969699463,0.08043161552751514,0.037242065172146455,0.08581317187743816,0.03410884873081503,0.03133668005716096,0.08024586885349254,0.022576485005828217
83,0.07576190417239796,0.011100737063172267,0.0897750883324148,0.125034266863668,0.02038880640961243,0.03560363119749232,0.01857592280211792,0.009242226888723436,0.2067498171775313,0.02147193344431135,0.04265673175241557,0.013504285916758577,0.04307904668471753,0.05255042597525201,0.024027550816202947,0.0665918785266795,0.018243253254706018,0.03203017874294272,0.04225368453716164,0.051358629441721676
84,0.05048865824318257,0.03156370999247246,0.03440914002570371,0.02211972822813923,0.040480154737555014,0.026054369162740256,0.03408976413842902,0.0755917793300724,0.04940276881841946,0.04917490293936497,0.036436810392419805,0.04485273733166023,0.021378707348021567,0.07198226970269193,0.06835340671827585,0.04254536835888581,0.06954608006060527,0.08839817739425129,0.06354127105198837,0.0795901960251208
85,0.07944432563030432,0.0795904560109495,0.05153715924185315,0.032922920337078734,0.04717065991690966,0.007183313949547349,0.06678345665347596,0.08583272756220088,0.08008487637988874,0.036276113293066896,0.04750555589415029,0.04743235042663892,0.058789068320617005,0.054629274059382366,0.04551010777353399,0.0275510584469089,0.03213122936515115,0.03584024705765587,0.023359328726884256,0.060425770953802076
86,0.015092284063440235,0.14537464397487584,0.06743965504011606,0.021348901037982048,0.021053218301004505,0.01558243204471211,0.01240716131806666,0.08218109855967762,0.0237659199601723,0.10556036396920337,0.15307184984728864,0.036672975325745504,0.020401793504275248,0.023547119633929522,0.020577566236473218,0.022376132339679954,0.030951853811999247,0.09717205554578338,0.0638039343936368,0.02161904109193771
87,0.04065799319295188,0.0639814504777471,0.06940186362857767,0.055300386441772015,0.042396528531359556,0.016097031904529557,0.02758552169354748,0.01966275908518142,0.21252841166681083,0.07419112730749645,0.07530514107112063,0.060127242156472235,0.024677300393380064,0.01700872505098662,0.020662976345118746,0.04043585408204109,0.05733855386254556,0.030535691867628164,0.010154506641271733,0.0419509345994612
88,0.06099648151328635,0.014538113193977307,0.056998300569020194,0.03214282834063926,0.02476197218412791,0.046405464214972526,0.06118554254525411,0.049578204080499115,0.0713388425583902,0.03354388913836744,0.11216957388366193,0.08993187899386264,0.031125333620333585,0.05787099310612975,0.0901961908708297,0.05240023409893713,0.032108202269182935,0.01980829282598958,0.04104698375665112,0.0218526782358872
89,0.03944884931817212,0.005104321233230949,0.0339482909224553,0.044649858348280114,0.03292778989220145,0.04466119947087833,0.047049031900821464,0.04828942157821511,0.04058688372314101,0.0887135010085126,0.21442087139721583,0.021915229941817414,0.011054452786527887,0.014311973173031964,0.02487615725165847,0.029661933951894984,0.022498096406205904,0.14229248798032418,0.05127088311389712,0.042318766601517836
90,0.021411713886416398,0.08227188661943113,0.034607749098398845,0.05784327973448083,0.097914659077595,0.049934184548483605,0.03308789935066786,0.13828087839357836,0.0357059399607025,0.03749691180484299,0.01766265902152452,0.03148335638755076,0.010054262970126997,0.07388435164708088,0.06684352845830877,0.01863839439897507,0.0456978388259138,0.007940059604503268,0.0704560305461065,0.06878441566531189
91,0.06544601163125328,0.023004466655594708,0.05839347355811035,0.1001000116576369,0.046319024217933415,0.04009173666509996,0.020045510772241055,0.028573553331941157,0.06679034956272815,0.0464266830348247,0.04550256394645995,0.02583663558625815,0.01830780565357764,0.06780436415010124,0.01175268793318955,0.10213779204321508,0.07645844509240338,0.06499105560098395,0.019013012215689726,0.07300481669075766
92,0.04609961470431992,0.037172173232547144,0.04737811250171199,0.04432983627474874,0.058303518807092086,0.04087477287151056,0.008128080942778101,0.08524770504785519,0.19131633470440154,0.027126475395545753,0.053145215865488434,0.049980771807139966,0.03780116957394779,0.04296749624393151,0.03470161203172885,0.02745218179414551,0.045468127053001794,0.06780193854829002,0.030425004709310564,0.02427985789050453
93,0.01737395382470147,0.03217552260490907,0.046335953878291564,0.02051566669957242,0.2567754172313403,0.06054485362129724,0.015852250178417075,0.07126125150350182,0.03298694604088148,0.039551627986532376,0.03789918152771222,0.026170004802675284,0.02414265073425483,0.01199576189068216,0.031449126234134005,0.024851996172903502,0.088775924423008,0.03617541065697549,0.06249191399578231,0.06267458599242749
94,0.03297650777677325,0.006428657997739191,0.055943945398588345,0.037952869144516246,0.02774250310486068,0.018159216489045373,0.07436753257456409,0.09520423319017073,0.08930507457039716,0.04069594658237304,0.05971062833841634,0.09544985801008585,0.026455132427321507,0.0607241321275142,0.018006347270527478,0.0682329479314085,0.03385562558828065,0.0336667446259486,0.0399796790337735,0.08514241781769527
95,0.03335129875158267,0.12683249749027886,0.005394816323774378,0.06744054916602384,0.052347516059097474,0.06366673713468697,0.02759638233889301,0.09726067846962547,0.030140235018307333,0.0804817575338048,0.07652724807321797,0.028383690864675588,0.028974110099958456,0.060697902568632264,0.018369124347586314,0.0676793863529506,0.04724555525959539,0.04393563109119886,0.0232153055160858,0.020459577540023983
96,0.035289321253113806,0.017130180295309855,0.02685354938817902,0.028279334994042758,0.07599839642019658,0.05967023536967106,0.0322479051452484,0.017712389892267876,0.008606596412043348,0.019407643633379303,0.013906609194941183,0.0544891979244435,0.014370424670266373,0.10089919382751777,0.048280053435166594,0.030977359713704158,0.03828814540008607,0.008404534717108317,0.20996976132290388,0.1592191669904101
97,0.04999247401872584,0.025662794812100185,0.0412895825523856,0.0761517725157398,0.028108679480235123,0.04231129851664648,0.04622590127692885,0.038530028069451265,0.05428615465857737,0.025245513781028343,0.03900931399292616,0.044729668800696024,0.008176288888393635,0.005260673031183685,0.06715967845210986,0.03331111628470725,0.06834473262990015,0.1383089526388848,0.05918189213175151,0.10871348346762805
98,0.02758657861295235,0.028403260061388356,0.03416256089701004,0.0518888068440112,0.02079125816195755,0.06810038253431666,0.030512879692939164,0.07286135499443867,0.04058019407320076,0.06021421245821759,0.017732318277818435,0.12792520902518678,0.020012483147295958,0.038873433454124424,0.018464658732123006,0.10274535171422536,0.06777046556343237,0.06369062480476491,0.06863697879197478,0.0390469881586216
99,0.03594949735553733,0.008773545000914295,0.0983837805463656,0.0892469336289579,0.023842534878542626,0.02407627991191528,0.03356756482287718,0.027458418499319674,0.039990824768207194,0.047851113208023245,0.03385795825684847,0.07044764011910863,0.06907902963558746,0.03459090182641762,0.07956159442126039,0.02377789476296993,0.08047583683161505,0.05896630959098992,0.09714247989012924,0.02295986204441296
100,0.04318873492840191,0.008707896095695977,0.01692591027432586,0.09752869846975971,0.029590617242287964,0.031032185906173425,0.028191624903099715,0.1728598379452157,0.05685006097358912,0.11938411575882503,0.19242215090360007,0.02645584202600611,0.019851039415556278,0.014626677158628948,0.023936678051590176,0.05027072914611062,0.010996138472403504,0.02224741753047397,0.021311820955120363,0.013621823843135547
101,0.08533180587047332,0.035727253692073496,0.03673383824120239,0.044660050630643114,0.007560931962801019,0.030481169839942368,0.018376417568420657,0.2507118031944119,0.026890504626240305,0.03431591414267537,0.03800996987122359,0.03784283058807001,0.07146105594825292,0.011625676223109713,0.01237587854268883,0.005427563953565497,0.01903023156503958,0.1019742586925146,0.05509854283013324,0.07636430201651816
102,0.008212391434459025,0.01526390808484345,0.05226917854899477,0.04939324098564173,0.01182373036265836,0.054690431187219155,0.05513309933065027,0.010320368438871156,0.2436329191223961,0.029395784838689275,0.0316169914462208,0.03925304153726844,0.03342415390447094,0.04715896168141128,0.047470948043302236,0.037285539747991786,0.03432271191838935,0.02130161019176746,0.02952212734333528,0.1485088618514192
103,0.07415757623836035,0.03945865164273947,0.05496742543733056,0.04923820827375356,0.0183486547105349,0.06818243142343966,0.07081861030909221,0.04202723639660266,0.03776901174368549,0.0071521416727193055,0.040503067015728825,0.06341848166932125,0.022543750714280927,0.11524189308106252,0.01787642589194884,0.09835643204729567,0.08829888329619308,0.006318401132978513,0.05810857959155702,0.02721413771137518
104,0.05370659201350525,0.09594878016614199,0.020623256411127052,0.029211224878053003,0.048607018850261814,0.021257593509930773,0.015053659671069357,0.09289852074900827,0.03281314616047082,0.13501626483243348,0.17006079927488293,0.019761392788664768,0.018904842322443546,0.04624504050147123,0.016500179706683726,0.028800696820445046,0.042928941904547456,0.035876264224066555,0.02871147732500637,0.04707430788978658
105,0.06204213292288264,0.019943722237770044,0.05256403963352328,0.0803156386151561,0.03368435410284017,0.050025282921149605,0.09508831932323084,0.02706689083540785,0.0639652296180482,0.031005595938025106,0.032736950671685285,0.0889927504353472,0.010854836364291133,0.05636281389302005,0.05940074331016736,0.08110818841070444,0.06797811059854379,0.012409197249777319,0.030011009904662784,0.04444419301376678
106,0.0445585461554767,0.03002543908962108,0.13085330365673067,0.09159277518538633,0.0537660158422284,0.060382786750182355,0.019478706757615396,0.07308190738552663,0.023456375014961565,0.05189593917650796,0.0719387685037802,0.03878336391866706,0.005687314565802754,0.044401849419527115,0.02264441538929098,0.036553220441964844,0.04052172189895973,0.0691988466517696,0.050788544503394394,0.04039015969260626
107,0.021538449616708904,0.009449507128040307,0.21897183254476463,0.053434541503483673,0.06854844395145132,0.026146297348090757,0.05927036702267644,0.011733569911999153,0.012277569669137825,0.027826060717750248,0.08955476617039997,0.0901389003254707,0.03625448594044402,0.05994112498992509,0.02407601079170331,0.026656515587742728,0.04388511527613865,0.026579508031956713,0.05008067045296525,0.043636263019150356
108,0.06990010731227285,0.08803515392575878,0.042348416548077264,0.01383379233922474,0.0446841244770027,0.019577384371436208,0.06252536463854581,0.11582370775476401,0.019567367001195417,0.03641281896323897,0.09073435538191196,0.01918451158746561,0.01798525168054673,0.011440877921729192,0.006521709182899365,0.05274928502610173,0.03259154649187954,0.19224279839941433,0.0379409184521121,0.025900508544422662
109,0.014355270686546075,0.019732742734329536,0.009920104251707917,0.08735705088684567,0.025475058478435144,0.011657035803754373,0.01841258373274224,0.10742982747607507,0.03415117711798748,0.13940813044338865,0.1460492520648352,0.025364601045409687,0.010142374970918461,0.09340808630155137,0.02128823887546455,0.015243426104915287,0.0839629670367231,0.05821204830799864,0.023894492432168558,0.05453553124820293
110,0.03165938816842856,0.01992566070582251,0.023970257538943544,0.09636991248815512,0.028597080084411784,0.06330303052351255,0.08655221768769558,0.03271268283719467,0.016088473163791302,0.06243534198372984,0.022474597205180403,0.14164600240296304,0.005979612016701978,0.020607951224256262,0.020883595555255544,0.07736734035888351,0.09817863574653159,0.026544433257089044,0.0999704518544856,0.02473333519696758
111,0.027905107218564058,0.038380506128826763,0.03201586291096041,0.010094428397914813,0.047354514731946844,0.05050730023111979,0.027726805702547153,0.0875640629437115,0.026079491110820807,0.14491144985938367,0.024016539401046977,0.012035341389111708,0.020079871870148872,0.07296503181621367,0.05319429564609038,0.07112197211937844,0.04481066920441114,0.11991274233502963,0.04732872273558869,0.04199528424718471
112,0.026660987197591707,0.03034521881761922,0.06500816012999609,0.03370183397899306,0.07171241655005797,0.0180069488416598,0.016595283067680974,0.032609064016279984,0.05096681028986094,0.06383421533010032,0.0385546517508668,0.07973332226813737,0.026474040818633682,0.03614298281866356,0.03093283779047015,0.03747890550893833,0.030673850169209437,0.09649474813246062,0.14704581264861136,0.06702790987416866
113,0.030219303605229987,0.025360981572129973,0.11387825196815754,0.06422914148202499,0.024753207538194388,0.030596030243206344,0.022136269505014884,0.02116054953920353,0.05440043214629464,0.034624364729544076,0.037456153193983946,0.20620581395667378,0.008386896704089033,0.05517075264659103,0.029278799690684188,0.02995355766423431,0.036394241042988815,0.08172665488040241,0.03442430342944703,0.05964429446190512
114,0.0895740676727772,0.020753000811872573,0.18686309469923432,0.11724792584390618,0.048243395278939755,0.018747089067817847,0.03274522798560589,0.04965199277430416,0.04723430643868447,0.0338294985486104,0.022757770022530967,0.03717808509727423,0.016394365837370868,0.09470929797777758,0.00677391769844815,0.045406934836327704,0.02462922347283589,0.049456520908421814,0.02532268680767202,0.03248159821958798
115,0.142221285844038,0.0129161035190517,0.06466365282155294,0.08494385813030556,0.009758040177807799,0.12025686951496412,0.04816599030708551,0.05458775021385773,0.07928788911344942,0.013782887293131065,0.030702048809822646,0.03097267364733683,0.01676808881218617,0.02686993260703323,0.017750413009285395,0.16600110877104057,0.01672277654109139,0.040280817798025066,0.015570255880762017,0.007777557188172835
116,0.046715553342912434,0.01969080256870198,0.020204341059779973,0.025593876395652377,0.1778965063021463,0.03201570494677097,0.037402157239841936,0.08057458630788075,0.022013484670163244,0.1513065602959813,0.06623005434485028,0.017806220397083343,0.02437329351795065,0.009131086584071068,0.026022422713951842,0.025779455421911145,0.06011433601097463,0.07320868106559715,0.05289000844772331,0.0310308683660553
117,0.046510322849616634,0.02566620775471948,0.04582187183956171,0.06247953670863293,0.048331031620066675,0.029457190724014957,0.08297562923820385,0.04198502029233165,0.06781293247979331,0.04069015813021167,0.07774634230578874,0.027256267494465282,0.009706770921705098,0.06236904975589452,0.09498299798241555,0.047690118739510984,0.06195224741135857,0.03492281388247598,0.03501753924390533,0.05662595062532706
118,0.13287003343713455,0.044373498116991365,0.013148451868712465,0.012639804801843985,0.03720053771180837,0.04372740571987057,0.019898372596737404,0.009192908269092408,0.021607278423160573,0.03094008915307842,0.14850266738666656,0.05930384625492079,0.11895953327170243,0.038710540067851136,0.0409037457388968,0.07390746710437579,0.06921103554561953,0.018897547388164928,0.029410485887803935,0.036594751255568
119,0.056088207486517785,0.22214771658862156,0.04608525376701689,0.040879721913045446,0.051793880556149745,0.041396840621914295,0.030958080119217028,0.023834133784531555,0.03342002054789435,0.023815352867864095,0.057726107794817315,0.016294099526519397,0.025317451814582705,0.02568913493387114,0.032892621555610034,0.07481494275289224,0.036962026656736285,0.027705256259796033,0.05366032957984452,0.07851882087255757
120,0.05724727460141973,0.043353109239292566,0.0338232209735443,0.04218535564801827,0.0514229857532106,0.03709860280404801,0.04339647246142573,0.09557271507732101,0.025801655595753675,0.03073164405223704,0.04344632106320968,0.042887919529549436,0.03397132396111223,0.020961892473374488,0.039250161941536695,0.017707730692301672,0.08970338312630924,0.20799984231593044,0.022198739208091695,0.02123964948231349
121,0.02311356538043312,0.046158008507649666,0.014516796053029453,0.07626546578432997,0.005544647158876333,0.02747779818788215,0.019690199975127644,0.015869010725102727,0.15122035385811355,0.03884232687561732,0.02951741370369882,0.06560769115691649,0.04230757340331886,0.10124771096776056,0.1315634259338836,0.08288088757592829,0.04257265873232263,0.047963299867156306,0.024624870322764995,0.013016295830087564
122,0.027816187263711798,0.01148913934735918,0.06025779091229474,0.017686134870986844,0.03894489119139065,0.0360570684466053,0.013795997305449137,0.04122983284993667,0.059680388636483485,0.2739650723075388,0.03318073946128387,0.02740646282197959,0.050145363130588365,0.01563043483887556,0.04823820311749405,0.047388085820329516,0.03185632143391643,0.024091876575645686,0.10909666874864975,0.03204334091948059
123,0.03528611670855227,0.02237926852840538,0.018191169888439957,0.09486542123183898,0.09216628990957759,0.01580424742362729,0.07288915298682733,0.05733578649512412,0.007806266175374138,0.04421113976177948,0.01670566853779556,0.1295984258944875,0.020247998459799223,0.020768777793548188,0.010696432806831906,0.06274663932690754,0.10537541912738659,0.023389696072657732,0.08816046650906711,0.06137561636197213
124,0.10044912716699218,0.016564293635292448,0.06858836187405215,0.015275578351856901,0.04014193190856181,0.02988070446269271,0.019637307201561812,0.030114525298291693,0.02122542711328493,0.09571148276021188,0.08163721552832266,0.10508326122383148,0.11525511316692955,0.02625608606698107,0.057491648008364565,0.06284042207952709,0.024092527241423266,0.03920659127846051,0.03767190356323613,0.01287649207012515
125,0.05036515336330676,0.016249916362632264,0.07019707472744646,0.07895457604222667,0.04738059610980403,0.006708059423070276,0.0539153887426153,0.02301320557070362,0.06903669664771425,0.2264104672783751,0.037884083418529356,0.04730991176646511,0.020537230646200593,0.08995953078223576,0.020903125225104246,0.024243054122071526,0.034767053875819805,0.019600449248233794,0.030270367807826683,0.032294058839618375
126,0.04442900286278332,0.18044179320923553,0.015245102249415329,0.025267606614628894,0.023683856073820998,0.053203746987960196,0.02357174955844744,0.05115171212055696,0.07028565557490637,0.04809452174377106,0.02192516844803119,0.04096398839720684,0.04189241741266031,0.00808559752026867,0.02758742644212679,0.039415440920849275,0.012368005798404455,0.0410779610612507,0.09486249391039292,0.13644675309328277
127,0.0372044187488945,0.0275498174892329,0.03826600918205709,0.013722133206584245,0.04591043627721537,0.10668028310085952,0.03956763129232894,0.05045111419201209,0.08443609512297943,0.02608272463892986,0.02380605084996294,0.03841148413861055,0.02546274885802632,0.0469460631914663,0.061480531427304405,0.014763872967284937,0.026750106973012975,0.22966047552409674,0.0368634348340482,0.025984567985092754
128,0.08576463291820415,0.03200532869971312,0.01580590724815849,0.019293995465076427,0.01071734528772707,0.058452620211281975,0.04754781452757876,0.06502471706101673,0.015516034143453638,0.051716232843014964,0.09450433783210482,0.03661683656068954,0.029536993071345954,0.008660648816782399,0.01647456204938884,0.07403052703895152,0.19329316544829953,0.06879399606328727,0.048132755950695466,0.028111548763229324
