site,A,C,D,E,F,G,H,I,K,L,M,N,P,Q,R,S,T,V,W,Y
32,0.08148201877678046,0.0654879979864025,0.02684054875662699,0.15468836483280554,0.016208473860081146,0.08036052052483399,0.024440285616956024,0.030973061892227857,0.01834174755459456,0.022106927038476824,0.0398839578994194,0.04712906330676963,0.06679701038960109,0.03710247054927084,0.0886790601957661,0.05366123947961586,0.04448302626723488,0.029099024108809705,0.05011259168661994,0.0221226092771067
33,0.04697703209688675,0.04440795035482073,0.0717324263263926,0.0863168510127075,0.034687884444483896,0.07666528652398191,0.03226974194395307,0.022495198157869455,0.04962926273648522,0.009810277216605538,0.020699981033410166,0.0681841747806865,0.028393110730953765,0.060426042765288346,0.031764756581433365,0.11381314240927018,0.07107608565491433,0.02776975895534262,0.06774592870585247,0.03513510756866157
34,0.012182655761343777,0.016296846791263694,0.03777782062475364,0.049637582685449926,0.08353675771521621,0.032854376440801,0.05382691460269248,0.04335315489253677,0.02801005259074059,0.08912017884018078,0.04915332895761211,0.03926896082370876,0.037048732234446186,0.01923839566697571,0.05188395515138329,0.0440382514562207,0.07542495161163948,0.06436315893848978,0.11018261873109375,0.06280130548345136
35,0.023504109282042433,0.04454398820765675,0.026526426698153187,0.018771216097047294,0.09349259222731493,0.052335546420413756,0.02095877828723572,0.02255543036534692,0.03080690688963062,0.03190897083919013,0.03891076423188802,0.03211407022849952,0.028064057661248126,0.05641520022723007,0.08348407975861022,0.04553114520819841,0.027839367244648014,0.02192144333504551,0.1783102709045259,0.12200563588607444
36,0.11904718490170296,0.06018243036864787,0.04995399211324017,0.03167325227646955,0.027043380514496146,0.02423581534942414,0.023138698952509234,0.09421369760185025,0.04207492396390981,0.010326564618991927,0.022181854399589467,0.04171265224748769,0.024599291089412265,0.026800730365413698,0.032163030673831895,0.046467056285630415,0.07413380223488704,0.16047068281748456,0.03964536609854652,0.0499355931264744
37,0.054382874733282315,0.056203324110907324,0.03723338706856527,0.016198357532816947,0.053612642953778586,0.06239876262398664,0.0208236465002024,0.0598138163810023,0.026960150487773307,0.02732151361976478,0.03114791600801513,0.09871045030662118,0.02909516334013891,0.03864640383998971,0.04561559631427082,0.06942471640268794,0.15846529292802664,0.03564371709525154,0.03315668198241657,0.04514558577050166
38,0.035524951377030586,0.03878242136224905,0.03856541782080231,0.03500252922441868,0.0571982663321966,0.025930080213797044,0.01725864696625621,0.22738811927842795,0.04334062403466074,0.027477496102097716,0.021387361066296504,0.023026226984306845,0.014566873941937297,0.04187472281498923,0.02846679763447174,0.031762996554922276,0.025644693025768606,0.15981397926552898,0.04944023667888664,0.057547559320954955
39,0.02665384235959787,0.012517865513741133,0.07123635350786559,0.04267841344443808,0.2261705764804955,0.04452098827256522,0.04251409660988516,0.02432169770940356,0.018985055260864893,0.018495208156609683,0.07116643867699236,0.0652350661184915,0.016085327192313502,0.011053913943860247,0.03366435930849052,0.029139671241485518,0.02367551977519645,0.054932829334591954,0.04395220970176374,0.12300056739134752
40,0.02663929925857758,0.06463234331579748,0.05305605584771689,0.03132476001741852,0.07945608251602772,0.023025721382088325,0.017791566960763935,0.034269171714915975,0.02828048031022079,0.03175400997149164,0.039234614486468825,0.0866404498646163,0.03465681015091297,0.052140627385036276,0.018652946277472396,0.03178790592774787,0.04972290014217348,0.03868104042649621,0.09632159564127946,0.16193161840277737
41,0.061859502073176406,0.03134233466971789,0.05559727495274806,0.04841640006306117,0.019978011621114154,0.19550815983457914,0.04164811745048406,0.05190204904790763,0.03675494254678408,0.021117438721710704,0.02904221423517788,0.03049594236176318,0.034817792224440744,0.04969330698178201,0.08682336779330466,0.03038586706113318,0.040534054302111676,0.0245663567021984,0.07478096650068058,0.034735900856124394
42,0.04912897262161395,0.026333546813245186,0.0440720248840084,0.07883734948538035,0.019987409566308782,0.041399992534475474,0.022466962374812757,0.08983754732161481,0.04829811632891569,0.05104094849915321,0.04000170384499842,0.04938271091624341,0.030415295551657374,0.02572508666337986,0.04771521501414683,0.025996929775269986,0.03434268525258721,0.17185238583032802,0.054445671609481563,0.04871944511237869
43,0.016709473982929123,0.03088469191192885,0.03867225206106384,0.033389870064095745,0.03549295190664746,0.020773416783970086,0.04802063020442639,0.04020685260963269,0.043025276713858654,0.07347352463348127,0.04948804883692448,0.03952176818443251,0.2460626249219982,0.03760177788045254,0.04303366141096003,0.03169732184192749,0.057139693356044415,0.027049883933114346,0.04776730101625622,0.03998897774585568
44,0.06256819064430594,0.07309192026722247,0.03068933159289331,0.06255133339737387,0.02503699801091162,0.037037388094193296,0.03512910290730224,0.0851765575049889,0.12971030286299765,0.01835703539853485,0.04074143912348234,0.05581273336587427,0.02550035961958491,0.02388315577051758,0.023917983381556037,0.03428775108169172,0.025644324869451972,0.1485412814449414,0.028850297654746743,0.03347251300742884
45,0.02875585257359619,0.03233923861484132,0.043170841600426835,0.020373436150340523,0.0958136424812489,0.016140495186059048,0.0238497963321597,0.03249552343308512,0.052759797802859165,0.06651766054658012,0.04674487794677586,0.012946264755032676,0.053533091493856835,0.02741395796739801,0.031035846600612732,0.023927483048705303,0.01624875427899804,0.03432405521185227,0.19056115270696633,0.15104823126860503
46,0.07754703183995432,0.03286188520198288,0.05413862749781026,0.05607994354995717,0.018148948279299665,0.038426629168981125,0.08454912027589793,0.05224678386446047,0.07663519656793023,0.04575447500956494,0.015451197506398985,0.03814473767211018,0.018722499268799042,0.07747276242080561,0.05858227047520391,0.039244617072466965,0.06870449086561187,0.09128743162938284,0.01790973948113671,0.03809161235224486
47,0.024793478963561422,0.010769617557568223,0.08912508169762,0.12695578402319047,0.03367603293398759,0.01663893622278754,0.045229282217255744,0.02549057538118346,0.019623598310760482,0.007723732275345562,0.06706805036117715,0.17618701584180962,0.07810168577477249,0.051348041125047296,0.02297599058911313,0.033023306559537655,0.07833688812141323,0.04022528359283488,0.02961344892656296,0.023094169524471093
48,0.10456284922820905,0.10554599919336456,0.02691586416455611,0.0596311715221988,0.012888165330088595,0.0799779954875344,0.0347544395337759,0.029215155443047598,0.02673757952379779,0.031116773555450297,0.048175300827570156,0.028531924439923573,0.012956671339448438,0.03250112686102623,0.03634218742516348,0.08591726190627841,0.09219497930325952,0.03336605622560368,0.04048404461596615,0.07818445407373728
49,0.07550218578928494,0.028403597502386725,0.04881621462509672,0.05327280003199397,0.04314070776729206,0.04988708011585327,0.05815857005763117,0.08178941339905928,0.05355877855832217,0.04038335708031354,0.0400414542525964,0.03576082837489056,0.026632692795308575,0.050308842842196486,0.06861066648635752,0.06411945866825092,0.06785253512024711,0.05860658958228756,0.027572091239020748,0.0275821357116103
50,0.15900854673854786,0.0403261646538782,0.012272004031712785,0.02757679377206395,0.03600957231446353,0.03322544041976463,0.020574821376990408,0.12170069496569107,0.04001113844550064,0.02456853009614335,0.055204854118033365,0.05432358345606355,0.06442191739439122,0.021995530640066756,0.023057860063499032,0.04314557440899015,0.10132381557447322,0.05214821243246168,0.04587198282399046,0.023232962273274184
51,0.057992066918995916,0.023937836998308024,0.021507955506149697,0.027071672493050515,0.041435187920661906,0.062075714349851485,0.038128556958063886,0.13154128017532807,0.011432287954067045,0.05013184691117101,0.04516414288999496,0.04137156763991297,0.05579279383581248,0.03630183219183892,0.014742536284883475,0.07257365513326322,0.08034253796509667,0.11087660385463668,0.046913118583519826,0.030666805435393296
52,0.027109834102338054,0.027672755295305315,0.02904312477162554,0.03256587104277685,0.046423577069167665,0.02990024794276737,0.03909046474458736,0.179854288592673,0.027426628781648844,0.19367623752935947,0.0480532192784307,0.04708132839562417,0.042021086716100976,0.05588729137731753,0.027654680805311214,0.02398057463862091,0.02557833591895404,0.022662989491975025,0.02887590865857324,0.04544155484684273
53,0.009092553303441636,0.08939182631671835,0.028938088197142938,0.035444448393459164,0.115882283374826,0.0201460567810945,0.04328326215828972,0.07141261192454502,0.025990983195269622,0.06614058715680832,0.048453505727998586,0.06343119719763832,0.015208279678565126,0.05216051895369618,0.042283894676566784,0.06640981454331549,0.02276783428634003,0.03097974852827854,0.03855057501896189,0.11403193058704376
54,0.05444537167059456,0.20744303852964951,0.029739715916722337,0.015431470995492733,0.059211748473053466,0.04748370258605537,0.05339332982886187,0.03751154290306004,0.07045487862975,0.04450512112299994,0.03601906707880574,0.017149762791717975,0.03776875889054834,0.030852434027214454,0.031205693450773085,0.035934514126142174,0.01796627245154009,0.026605659469898256,0.01632313058458259,0.1305547864725375
55,0.12348904188629488,0.02998489582169446,0.017104545619040686,0.05238480978892053,0.07242509382957195,0.030500888798192738,0.0395448137288691,0.03622444605380283,0.05656345151493426,0.02900792666598192,0.07950891566695656,0.044091289205644944,0.027631517767467167,0.057246831202453954,0.014792332380796747,0.10313457120902966,0.0947895626538395,0.03438166766100241,0.03907694799022762,0.018116450555278045
56,0.05075162492999031,0.06344139625667239,0.048832020577741914,0.030537094413647582,0.09499226616341878,0.05374079978826272,0.05840879663391396,0.051001971875015775,0.03467673108008062,0.035441573585958466,0.038883254199328456,0.03717059794457278,0.03056805312569501,0.01232792331930396,0.032689098924727975,0.13789239663458625,0.05887448797840058,0.05081226686365324,0.04634930912767937,0.032608336577349836
57,0.06951005057991666,0.049838577470845524,0.055701570168636555,0.04780603594522592,0.04930708297850933,0.04525335088809765,0.0650891242572773,0.05263462710005097,0.04023834797088453,0.03820647412230778,0.049592206013255646,0.06953741270797192,0.0522189182905323,0.045995705058499176,0.04863610260738209,0.04970580319876779,0.0420125002990694,0.05334548235840303,0.047895474251269804,0.027475153733096634
58,0.032761878293175284,0.047503415640330206,0.049639059780132846,0.04959837504510832,0.04475969625975153,0.039353941153763256,0.04647532949897198,0.045427994531196045,0.049295276026720264,0.04228775701934331,0.05211974889481666,0.0503682687301716,0.07111658613954944,0.041403167624458115,0.0518620003067284,0.04877829040279559,0.05929295407450225,0.07721391711492742,0.048949549790029336,0.051792793673528195
59,0.04969248971273251,0.05193255414412659,0.04845993317358454,0.07873661230788663,0.05207426972830799,0.04744101619617031,0.05096281874425941,0.028500811873593306,0.04247944554651363,0.027373106961417492,0.05348931314274408,0.054122318860671634,0.05409111771144638,0.055507847450855144,0.06587771989028321,0.04623150755467757,0.04427735593570855,0.05200799510606962,0.04664696441090416,0.050094801548047276
60,0.019247157206935157,0.04792630719724883,0.04601065032507351,0.051735737773769094,0.06999650723251133,0.06930750034540639,0.0789259585253806,0.05042478246736994,0.03669265968455171,0.05407779434427708,0.050911504494887266,0.048685758345586645,0.04970779307903202,0.04801131124672419,0.05019841171270425,0.010163723971999543,0.10929217333700078,0.01652413686149501,0.04585048803396634,0.0463096438140803
61,0.026869142789544973,0.03162163982643851,0.05496875242444278,0.043638663946028375,0.09141171926487156,0.045853795554817424,0.04563973994609212,0.026239780919930643,0.028066332037476535,0.08444554883629493,0.04489200940841129,0.051056132823276604,0.07264524306105122,0.1047729793192092,0.057126112368498946,0.02118765248294658,0.05357867499898082,0.02135330097341808,0.062310530483567564,0.03232224853470186
62,0.04317163658438811,0.03476495062299473,0.07042685461648829,0.052882965405288015,0.04063282063108718,0.07279773306665915,0.057287578154867944,0.036803809658297604,0.019006792151177763,0.024481076914489138,0.049522283212486404,0.07061352277594174,0.07823425623861718,0.061699232185043515,0.06412847616407671,0.023113657767125727,0.02290109222096138,0.06491777027529955,0.06302075570513466,0.049592735649575226
63,0.057840756457615744,0.016910687004332216,0.05217918216237517,0.059043172082764946,0.032672586552058756,0.05670848782256444,0.07820174172519001,0.03675429034587406,0.04132855784863922,0.020760659248775695,0.09537355547153627,0.02798546663256502,0.08656084871179626,0.036867122732735236,0.09333788599304192,0.046082874378284275,0.05839038191867778,0.030812712960774168,0.04776342194000368,0.024425608010395162
64,0.042176424423661645,0.034607625787796026,0.038070197694094934,0.053288218392792144,0.055352843677752145,0.06256293835635673,0.04858146985031644,0.020278453326710806,0.06625002853070555,0.0292073463712094,0.03511406906165525,0.11754614462524687,0.01601165482082667,0.041530682889495144,0.07306182415345386,0.0450021130344562,0.05009672834695003,0.05768111957955155,0.04684020824018028,0.06673990883678833
65,0.030725808288318838,0.0172730314396237,0.018202610564563494,0.13594967476668918,0.050784758084660625,0.07446478554981613,0.03719749775810613,0.025551933984232694,0.033892677136123914,0.057095333496360944,0.11791686240758922,0.030890572363733083,0.015475875561173205,0.07270438955221659,0.04833920345327273,0.02950229414580472,0.07638099376674651,0.031779100333086646,0.02871779517950493,0.06715480216837674
66,0.04480494261043631,0.04802626406318937,0.053581814357749946,0.026900229023014487,0.02664247499780741,0.07099294061880648,0.05036387169733878,0.09662275996635719,0.03057149810469864,0.03621392382146957,0.04254665832112733,0.09213834869178929,0.037767033043576245,0.05098249725931199,0.015195024000600976,0.09049947810514289,0.02780617297713574,0.035133449702310804,0.04764926152642205,0.07556135711171454
67,0.03069661598262385,0.013711998178105159,0.05268902432627312,0.027214763423543505,0.07276405532856642,0.027643358106641966,0.04323963019559575,0.020915490538602328,0.03081625814339892,0.012205581761615927,0.014496283388852886,0.11843561198400915,0.08710220805382096,0.05565137270837692,0.08387015345541193,0.06966846075276562,0.08792921053181553,0.04139714552807887,0.03264335117750175,0.07690942643439949
68,0.014274640613011638,0.04006535371152671,0.013902597933448564,0.02991026602673807,0.05523220435112633,0.049803415113449365,0.026467643027680933,0.17860387999485272,0.03469501350432876,0.0373632126367372,0.08735012271223891,0.07224102875604643,0.04747317122382664,0.03883431366420049,0.0818792545715553,0.03651934790715726,0.02412337295578935,0.07904029823154662,0.02729321202755207,0.024927651037186624
69,0.0510209824018915,0.023492556208227464,0.03558008818839262,0.03662563249607027,0.06868885381015552,0.038088805163523726,0.03188048247996365,0.03424821917260175,0.042416755477297716,0.05641617086751642,0.08405061859989812,0.04431621689177449,0.03762855798594178,0.05121797920355698,0.03648945313133667,0.036840863516617445,0.021360692872222278,0.06076682833100625,0.14741711679553998,0.06145312640646532
70,0.06454134755963359,0.04927533824340416,0.08500328232764669,0.04269439370878296,0.027487622424916387,0.0559444857428541,0.03453666181455266,0.03149582728765389,0.04239367656484955,0.020423735301563006,0.03839394185670205,0.013451983120814694,0.015910159339102045,0.0847285707778086,0.037956865344798196,0.05250717290620432,0.11827738482867997,0.08780526715221457,0.04134933113914027,0.055822952558678335
71,0.06198178180374028,0.0455133168827246,0.030201941030641645,0.04570277808383856,0.02225356179996903,0.06169201309806452,0.04135534702635906,0.032417518287068875,0.12167496164413713,0.03258478310996643,0.01858191519597989,0.05049410254371901,0.043000555379220484,0.02782328541480221,0.03512051048667479,0.05018853277818168,0.13095269006159127,0.07370949243108971,0.04858932501142767,0.026161587930803115
72,0.024811267359475062,0.03115515840211708,0.06680690058600727,0.06246211902796779,0.04496509535406325,0.041479719076444474,0.10312389005328584,0.021653887861316216,0.023403508340468233,0.020207489444263975,0.03283582034355323,0.11510901041832217,0.04839947125080632,0.10390155365427844,0.04978044774999162,0.04079948479704095,0.04180807566761629,0.052128953580389464,0.05626929282966156,0.01889885420293075
73,0.0757647495013754,0.09427412687402333,0.07165240148314564,0.01642705772397044,0.050627912253733635,0.038990794891284215,0.019818671316458366,0.04941734113508604,0.05308749009889477,0.08302496706961912,0.07578108009991635,0.05137797268228401,0.03335367076948321,0.028697325053759205,0.03380524085425013,0.038677415755118266,0.03579833164716876,0.04348718220040162,0.047212362099425254,0.05872390649060223
74,0.03950268261387768,0.18713238197559073,0.029487767362907247,0.015881533182250503,0.07235903912666922,0.060268243766253185,0.05385555698749181,0.026836824752477603,0.017604204028296724,0.033859844851094965,0.03502402670801803,0.03563773419752739,0.03597160605658797,0.0448890947064601,0.018227401188091998,0.029550670044012614,0.03128547547234103,0.06141154211468572,0.06529871025020542,0.10591566061516008
75,0.06203568615431239,0.025473780594258328,0.02983596376464983,0.010810940148402382,0.0264867238155677,0.023086540442002444,0.036545743199436015,0.11359578242388366,0.017588257127851246,0.07253083554982434,0.11922948229313127,0.02981856077763594,0.06405750329459038,0.023311222482842255,0.022544833407505144,0.050342256112285724,0.06924185193424559,0.13232070228700576,0.0536919301571358,0.01745140403343386
76,0.07647893275253367,0.03647889437129135,0.04384242186415978,0.018500413208717596,0.05679025983573839,0.07478417267230969,0.037497448972201294,0.02350369046898532,0.032920217709233104,0.054657389131384404,0.08060829670385722,0.040841828892060325,0.15078963510218804,0.027371507009664568,0.022512854550992917,0.05763638233687217,0.029694353816029202,0.03573779751210889,0.056358013314093694,0.042995489775578384
77,0.0443906030622568,0.07275156447595461,0.008547685715217943,0.02831532673969427,0.06639918860623442,0.042259192098138554,0.028489017815794715,0.12877527534558864,0.03544558622314946,0.037304235506383676,0.05018685117213803,0.05845732478036533,0.02420537151380618,0.06467253060398562,0.019913288282501836,0.05826451983609553,0.07528037980487379,0.108991395559843,0.03400610674863567,0.013344556109341975
78,0.0627960113232708,0.03776967868901355,0.08335599740291527,0.10052218049003414,0.013430376271015386,0.03424559169318314,0.02952088363029905,0.026931359183505366,0.04136616571522668,0.03985964054112812,0.07292981199029512,0.1349284417199182,0.028373845537813788,0.018975807003262735,0.02580935062359184,0.04064829531809481,0.06009407329166992,0.011087271692216245,0.038884349809675464,0.09847086807387037
79,0.055148252360489716,0.05764563420088242,0.022052045841175424,0.03104107635729024,0.09024619780052867,0.019118748329791366,0.04879524459175527,0.04168539260361122,0.03412340215619909,0.10949845063105859,0.07553955042084663,0.03945887342488408,0.05128453693835929,0.04467488680276534,0.021249903771047806,0.08714151340633541,0.048378054822732885,0.017398484563008618,0.060713083149856704,0.044806667827381214
80,0.09335130078981752,0.04756789538167294,0.024513069302193102,0.05393730134603597,0.06893016523206097,0.0631605897571948,0.07373716344480268,0.031490511769878604,0.027488647803635857,0.060496545733311965,0.062292568226035926,0.06486946214940417,0.013217033620688814,0.030775696646766104,0.07520864813254952,0.03800126710258445,0.01319357674603026,0.07236455093512373,0.042475194555055065,0.042928811325157565
81,0.0883878208541014,0.03762919033402845,0.04276700205747255,0.05572416255541875,0.059235229292003116,0.044427281616240016,0.01635397300983851,0.035477567599103775,0.07921932937849449,0.03230144207476873,0.12133840851616856,0.01704005199511989,0.06913181174456809,0.0890642981292219,0.025431548680334377,0.03983176182608275,0.0451094621718665,0.042149765672708714,0.015369207314388567,0.04401068517807087
82,0.08570683060142292,0.04841847374942303,0.04772930112837934,0.02837727147416864,0.06622784750369713,0.0406931969456876,0.08542876362740828,0.03985477695290998,0.023952692481437624,0.048437227420707676,0.07119467775046806,0.05752086881417401,0.02967330522640106,0.06917057864177499,0.03633844632821287,0.06535456303300308,0.03139868398799503,0.028103505748783786,0.05572825651865229,0.04069073206529261
83,0.05953112996983691,0.026550184015848695,0.08705463247845362,0.13550366859733895,0.018407810908343626,0.03178622572801116,0.02292382985943915,0.011759045050400296,0.15136279038492265,0.03086705183279199,0.03898716518303628,0.03188258393962469,0.05278133221017564,0.0558964227208075,0.025506769387414717,0.06519627211810823,0.0271358127921661,0.04526127386273839,0.03373693227309307,0.04786906668744831
84,0.047149515265540565,0.04096054644805752,0.029479974066688418,0.03313612211886363,0.04035952309100134,0.03182532919915515,0.048908886384442726,0.07167671169009934,0.053925489698445975,0.043456192777928976,0.03844748011125398,0.042867309251280156,0.018814684200108924,0.0703871650572744,0.04978260107531884,0.05087897164679349,0.07982923774879236,0.07281526030251023,0.060907917617537194,0.07439108224890678
85,0.07299796804158692,0.07131318704242408,0.0892993564833517,0.027285822974359143,0.03396087321225226,0.01667138986821761,0.0486041409147446,0.07942068534380521,0.09203812189456159,0.03547470875480738,0.04375964353061085,0.047032856599348576,0.03793492536806449,0.040221174503923866,0.053847469725346014,0.039268370536778466,0.046598965895637674,0.03357648781136302,0.03480144020495232,0.05589241129386423
86,0.029146913454362777,0.09955208190981941,0.038397345929545856,0.013948772309352389,0.022236695943530567,0.025267547545976946,0.014467545810275479,0.06940639956098488,0.01506212411885427,0.11976688717000658,0.14392226826005974,0.0433675432721972,0.017670978489616795,0.018087895871380034,0.0221318734169446,0.03327416087827115,0.036145688314508206,0.11319507088294806,0.0800547579986273,0.044897448862737735
87,0.03346630761069358,0.04178406727562778,0.07115646226644794,0.04755222571525122,0.03245278970389633,0.016438961962016458,0.0960699423981994,0.04619888763994079,0.18688322519786227,0.05341543171663179,0.07244834074552259,0.04060570519380292,0.029613278062074564,0.033111002229391936,0.019118219602234074,0.047619574709902475,0.0695319872365185,0.025552098051369043,0.010194886793270769,0.02678660588934562
88,0.04251511137803448,0.03618026283681674,0.051809586561182217,0.018358709088629015,0.036418724724326564,0.04104604884424044,0.10674764309890067,0.057047901048936936,0.07573505443401819,0.05844940394996409,0.07028703002334495,0.08399695014356773,0.028180746280808633,0.03716215617895287,0.07251106507279985,0.044978362469951225,0.03620747923825605,0.022254962626789915,0.052338991172438426,0.02777381082804103
89,0.03011485485275519,0.021859369465676824,0.0486144015828565,0.03890096666440268,0.025693469916530383,0.043834044078508785,0.05261626630757951,0.0350209191281485,0.04406373506984644,0.0694910197184626,0.21009148386618864,0.014974086179312358,0.011675830536941403,0.024257323325515986,0.036549735018657006,0.03607137396454835,0.024388413653416752,0.13583869488812367,0.06177674931401013,0.03416726246851829
90,0.023344557581528917,0.0741877414769419,0.03969986188205439,0.051105006139761336,0.06334545560394851,0.05979114846278347,0.05452899432508078,0.120898454865487,0.029954091962870112,0.03555422078098738,0.03271033398946029,0.07522115629765622,0.01705701362479701,0.04645434111362842,0.0524661046196986,0.02952147511001086,0.04289345910025755,0.03712759628228686,0.05467888663392055,0.05946010014683981
91,0.06007662769615608,0.03348662109163464,0.05245175950954853,0.10130660769495765,0.04229393718409544,0.030052959718804714,0.017804179561046185,0.032987765642503136,0.06978448129398035,0.03496927014833123,0.050386507076732215,0.021607763028178253,0.02307380992293551,0.05622345491171046,0.00880865127718284,0.10902970543313087,0.0969552500286836,0.07111768609696201,0.03722269714601568,0.050360265537410624
92,0.044695787765282595,0.04196918338686437,0.04633338353205613,0.045667418136739454,0.04161791945882359,0.05241787855405333,0.03303891077895736,0.07226949289246488,0.13990994284748806,0.02874462534894249,0.061068096318278184,0.029661049036569815,0.042670853011383535,0.04590465345459464,0.03963128984436071,0.04559495989711424,0.04927062288693909,0.04654466412100071,0.026079875988833892,0.06690939273925291
93,0.027767036506010978,0.032096273642338316,0.038432628835829874,0.024490511695298055,0.21850877936255836,0.04999119966339313,0.024260291577201706,0.06435518006349061,0.0329671129636074,0.037010292031748736,0.06558480137208703,0.04438871825193467,0.022568455821651984,0.023073842809441407,0.04720269730786594,0.02432434058322621,0.06431539984430736,0.024087103217421958,0.049679704856558496,0.0848956295940278
94,0.0316527485751054,0.022031187356972418,0.06796344824228813,0.03600273109659016,0.028393782478960898,0.044870512398409154,0.06082163685469019,0.06068875919265462,0.08011713104629825,0.03128143720857188,0.060062802802041196,0.08044555743628558,0.0240909490345688,0.053332017103533406,0.01400617892026387,0.06741035834306339,0.06094288531259806,0.039385690987972954,0.042953603253224365,0.09354658235590729
95,0.05958163506167306,0.10765281927679493,0.026524649595891556,0.04517301227879556,0.03522642094421943,0.08296863653867297,0.019708152432346977,0.09784757092902648,0.0480712039699156,0.07901938518750881,0.0833284771559703,0.01809566793224717,0.03802707393053907,0.035739259933810635,0.018422732964841745,0.06371635312777804,0.049049409343002594,0.05169079383026351,0.021147419072128616,0.01900932649457296
96,0.03623067408716808,0.029885797581208753,0.046907907072650495,0.04158560482701777,0.08126461480312372,0.04484322684163789,0.04547365358098501,0.017541139590861222,0.016066263570301234,0.0160527969158739,0.037637237390162004,0.03410234827868921,0.030326475845037053,0.09789712350795617,0.05047504371731288,0.026156817244315046,0.03050658157632198,0.041167252614836496,0.1739145312140898,0.10196490974045125
97,0.052629548640478516,0.03222818645632026,0.04977836415743629,0.059052399285071736,0.0320415479367323,0.04708424699282682,0.050923170887084146,0.03829333651622732,0.04894588983000912,0.026313282257063315,0.035210972911528096,0.04040882968088545,0.007704402833457727,0.030937650025523337,0.05552001913582183,0.07160381539622085,0.05582964774402957,0.11758879201606576,0.04774747649422792,0.10015842080298965
98,0.04430838447940913,0.02615460429797152,0.04229320140561671,0.050457733195415244,0.023899636887174815,0.06270416417104999,0.053112966256880875,0.06886508114608061,0.04524606630006043,0.05927690718483584,0.013988019102850663,0.12602613411546604,0.02377432966034517,0.044481884362218754,0.015417753006158419,0.12423496125593678,0.046400175147667255,0.04431699280037087,0.04050678237587405,0.044534222848616835
99,0.03665960338480573,0.018456955563280628,0.0821680357723687,0.08217382436081941,0.020649207236259633,0.019751585803228867,0.04409973326298168,0.027064357125123464,0.05035583337991677,0.04179924840794133,0.06350641250189518,0.06634235203173564,0.07965723543103093,0.051776931525453616,0.08129119951448169,0.029800275945510914,0.063232108200861,0.0537401822754488,0.05872105729561526,0.028753860981240754
100,0.03149940537510826,0.041240806901027216,0.030151568018707137,0.06715112532244483,0.05784494794087774,0.03834649491491114,0.028426864051515018,0.13357157634441877,0.06496001272372563,0.08764927205906949,0.17261447521093332,0.034627429087906086,0.022419171101820567,0.01950887161753913,0.02393509555608995,0.038850761422473484,0.014406402313718657,0.018731250921772212,0.038070341276018826,0.035994127839922556
101,0.10267233179004749,0.040305922766900884,0.03988537097028941,0.05758932340402029,0.03432438762545473,0.039939013694334176,0.01612100609718095,0.2200773489690407,0.021548550742071383,0.02781378573290581,0.04692180150453544,0.04133418629072928,0.05470241266623316,0.02058371468820206,0.010701038428932472,0.010180061428536065,0.022269506217571004,0.0873960823181589,0.04925655713763413,0.05637759752722176
102,0.015072242392879912,0.010582513352220558,0.0406043586993025,0.045124796612310364,0.017243400476979566,0.09589833291908759,0.044678870464403726,0.019966688474540834,0.2349309008726923,0.030926860287001964,0.04009330284654995,0.05865530896325777,0.037143386398711675,0.05231296513379165,0.029548149464477747,0.04243875530746831,0.044003134213105484,0.018724247976206372,0.03795044092809286,0.08410134421691894
103,0.07117585764013437,0.0721823721537293,0.06316976114694875,0.03398095938536554,0.02180778810162763,0.05135210812364255,0.07829618111179804,0.03901003639734339,0.0339220879751219,0.00892224681877011,0.035657581524529504,0.060382806830009655,0.03138399585354951,0.12847884899696438,0.030401824589140057,0.07511754736579944,0.05766208788384084,0.01883291575707304,0.05093037268036594,0.03733261966424609
104,0.04748818328974565,0.07712115585346159,0.022133770245210762,0.035155777755284626,0.04302027367589541,0.01834534220585105,0.027071189161897286,0.09110850329830684,0.03708371978547262,0.13798774420205884,0.15986036373841844,0.0215445633517153,0.024680401052166144,0.031301412625187035,0.027732557449943233,0.023973111252271376,0.04850553055088649,0.03482008217906362,0.04518270275225715,0.04588361557490654
105,0.03842939500187543,0.029654641790884263,0.06436275274599057,0.11977029031923356,0.030078453472167564,0.05433758359880137,0.07589585382396552,0.022865084097180355,0.047793759969617565,0.03803201942854519,0.03756743565789601,0.09007723014590027,0.009532277366106078,0.05677918995698722,0.05348633251458404,0.050355468671591554,0.048393272096863366,0.026129128386385748,0.05992164402002914,0.04653818693539513
106,0.0708789018842908,0.027548713547576938,0.08631579558961171,0.08789182369207629,0.05258561527205412,0.03876354257544206,0.05464589839557131,0.07597108908697245,0.04550148336572272,0.037619734831202234,0.06465168574328839,0.02858127884450902,0.010881314102713103,0.03757708257101491,0.033008541712630235,0.04341191845254543,0.050982544680390485,0.0668583084062718,0.05473128454787844,0.03159344269823762
107,0.02511623081408331,0.023307578943649807,0.19728763402156518,0.0911951110787251,0.050620145467342656,0.03378611164578702,0.06134705903842729,0.022401152694561093,0.01352044886204171,0.03701932480706656,0.08087613036024287,0.10029937933314495,0.032977105769755224,0.046339067302156825,0.02335888281353061,0.02873021353246792,0.03022379903604481,0.02708955284587117,0.04053393891506358,0.033971132718472324
108,0.04772777439954104,0.11787288056354563,0.04115071093808009,0.01116537941291968,0.05256925479812269,0.024576286980790438,0.03565213174277307,0.11760108705262853,0.0166571799101436,0.03570155773539309,0.10310150325669168,0.01649908109937933,0.019120512822978546,0.024157953301770445,0.015601612102567552,0.04597172729350459,0.04752469305885484,0.15140487986669,0.04675122319008371,0.029192570473541492
109,0.01479160572371225,0.026017817452816113,0.018434352441240486,0.062039991762557416,0.03815897316532106,0.009343655506859427,0.024642508660342198,0.10457635048530134,0.020183527637462506,0.14823555192670712,0.1090810649807119,0.04025361950630349,0.017486504977447553,0.12104406587626305,0.01948783832783109,0.01425650986558193,0.0591248620885608,0.06991362896702331,0.043072062123922845,0.03985550852403406
110,0.042345108800096565,0.026627799139098362,0.07009982962141627,0.07642095585962488,0.046880650968862875,0.058267040894017075,0.06439003579249836,0.041187377689800776,0.0472794688088823,0.04636575052280069,0.025923901206542956,0.13512723524707318,0.005437057358704619,0.02385819093717954,0.014296438998585428,0.0754457758372041,0.07944153420027635,0.02977017853520997,0.059767361145979664,0.03106830843614606
111,0.057753061986967474,0.05078809394795937,0.027693795158194832,0.01802703687103021,0.0417066081561015,0.04607442314764719,0.025040504041931068,0.07757236705035941,0.03083306071528978,0.1410295594617927,0.021501402216495477,0.018583589570078305,0.017964564785440437,0.05774020916568325,0.055527154389987676,0.05860711623075055,0.05101180898322563,0.10917618453816148,0.057867889424632356,0.03550157015827134
112,0.03574754259430585,0.027982595708668685,0.06819296407748365,0.024545524826514373,0.10489029569746418,0.03498165335914247,0.029070531655533513,0.04209402690619175,0.05993072729705197,0.06341479916964694,0.03345045600159674,0.05436003993414559,0.01647252166637703,0.02637916313826301,0.0290549781068334,0.037550475762476096,0.028370558353533724,0.07100597515105297,0.16975481486712615,0.042750355726591915
113,0.052223215824953345,0.017515763384111264,0.10797299552332495,0.0815056139510072,0.03728315908936964,0.03117897619899672,0.03364168637193364,0.024642048438109014,0.03656956028730669,0.028186769384600317,0.025695788353473317,0.21873489547501507,0.00985600045549449,0.04730457205196272,0.026323209617820073,0.022436541528728243,0.029104260998498468,0.06355831505295056,0.03837099126910659,0.06789563674323768
114,0.05975626138227609,0.019656968151006933,0.15966483991961083,0.19094300122259134,0.035936185397784585,0.019664333623792496,0.024416609036851545,0.04025040518353542,0.03688768431143348,0.03408759583294876,0.03623687773987451,0.03380177071889796,0.017753019453790715,0.08360991456768653,0.01133354517410633,0.02853744142973648,0.015328712239431115,0.03638975924051421,0.052422905296343726,0.06332217007778693
115,0.1683706893298256,0.016988053186091676,0.05765926737851039,0.05645948289120804,0.012378907707490927,0.120607984157866,0.03825844467384577,0.037577867622682594,0.05414520645397791,0.01244648126803724,0.040985033014227526,0.03430362234219994,0.010777262756973754,0.020771446186447162,0.028472969222329055,0.15575530168402754,0.03660551850875649,0.04209914682048506,0.03205285386170596,0.023284460933311334
116,0.05863850603005408,0.020690972462569512,0.020350694340490166,0.030486003332353906,0.14787197233935068,0.023891685777355252,0.03246478459041306,0.08681789998217959,0.022666355076465104,0.1832490225741246,0.06159950899999968,0.0171332298782777,0.03005435467696485,0.018143015088367416,0.034369635031269045,0.030559751515027805,0.04749212662970112,0.06666291527905499,0.04129941313175717,0.025558153264224268
117,0.06306620626223339,0.03049599862013961,0.0324151617282255,0.05706225493010103,0.03567945644471376,0.025635504217289745,0.06126976172442291,0.04184186320598261,0.059142983198828346,0.03863998262627925,0.0967601956694541,0.03449258227721593,0.010201202475612854,0.09608079231437033,0.06003833463898791,0.05833043241137058,0.07254100716652337,0.04319908850346662,0.03982384455875568,0.043283347026026535
118,0.09631250381968828,0.03201748430173555,0.05257486181346567,0.02817698167326845,0.0488734257041871,0.05346153617715116,0.017682475150491546,0.016145853039707322,0.04466979650208121,0.02708856102489595,0.0852110147892642,0.051139162121040097,0.1117704078273909,0.06601633082003763,0.04238067727083154,0.06057483853954423,0.08174971871035419,0.02189416707798167,0.02536433901264152,0.0368958646242418
119,0.04812957244456685,0.22145072673441543,0.045629085666655925,0.034879084392096485,0.059429245744799866,0.05001682616421129,0.03102548382322714,0.022586649552590963,0.04727298314044982,0.023348899584824112,0.07053710342123405,0.03182247662319673,0.023077022154826175,0.026074230568181263,0.0315487180363757,0.05052203906110804,0.04018302519580767,0.026568835402177624,0.04313450270487829,0.07276348958437659
120,0.05892783956438763,0.04835145821380861,0.02670518453183779,0.051716190602344274,0.060363663406264395,0.034979466580549255,0.03905829304234647,0.10871070494508209,0.028189997509844453,0.026573457676549284,0.0409136204419307,0.04530627836078879,0.029777417992892463,0.039835873297619034,0.029257285001362515,0.026363449291201567,0.06656566114726493,0.18641369484459425,0.031727370585719526,0.020263092963611985
121,0.035563064894495,0.031006148267690246,0.03826850172527869,0.05942610721593258,0.016486896520459763,0.03081474864048246,0.03097584204494613,0.017215474217952803,0.1324120729557696,0.045271120188251655,0.03451152996259859,0.06526375827524783,0.05498756286561277,0.09209737029191553,0.10985747953396605,0.08152052050078748,0.03831448706272127,0.03961843504154561,0.029550375186348905,0.016838504607997067
122,0.026328759954611182,0.03090486418951419,0.04375140635678732,0.05136312356112762,0.030862452465333118,0.032780831374309316,0.03435000565980291,0.046594530523467334,0.04855627947302496,0.24922612285120904,0.03556172997001564,0.051419612246736246,0.03331295262814379,0.03374480066390664,0.03550483510268622,0.05672389769952413,0.026554645549235315,0.028283936089192194,0.07052351575622351,0.033651697885149344
123,0.0347776264413468,0.022799820944767547,0.021636959186595802,0.05371612822160403,0.0717958572959902,0.022595745226032977,0.07173042439289373,0.06972520528404252,0.0326848002257386,0.03813105753165344,0.02248672765890649,0.11645158938014352,0.016744921756170553,0.024568718114087215,0.017666085415332246,0.09286864118932607,0.12044313735566924,0.028991316821831523,0.05485226824564161,0.0653329693122259
124,0.09551297554467034,0.03352197255834985,0.10136937026363511,0.05177135444191608,0.04433385429122812,0.017776073170496502,0.024118260192345458,0.026571167483882333,0.027057269058962448,0.08477794720067847,0.05740599410063007,0.06331838990556456,0.10088496415005092,0.033663109339749524,0.04358867319496839,0.060591745901490995,0.02408684399315359,0.038517556760614156,0.04306471216801265,0.028067766279600444
125,0.039526200550036604,0.027899770948148085,0.06826075965491722,0.05206743517978581,0.05002363826087022,0.009206677268085167,0.036851443905219314,0.025457108989251076,0.05630026849932235,0.20240656047035444,0.05157442539303211,0.08296163197501982,0.01892030394737048,0.08251015985236097,0.02405308868060784,0.03393282032662427,0.026720180267498398,0.0325753583795923,0.04211940108900866,0.03663276636289488
126,0.04317871380222765,0.18503205893985064,0.06098802300201127,0.022100908998632637,0.041959422366334015,0.05406967778052674,0.02551234952142102,0.043356287294484916,0.045515531996527414,0.030174332800665313,0.035053701074781944,0.027905807402448905,0.042019476460182156,0.01137362640217246,0.02898828794709102,0.05128355601561348,0.02671323908143137,0.030875112530357032,0.08598375896122933,0.10791612762201076
127,0.039798717385268606,0.040632448482750674,0.1249357480529068,0.021756310122392722,0.04780818478370025,0.0695574524491786,0.02422978068617001,0.05434561149116278,0.06655171591377443,0.03007692333600931,0.019863430558607224,0.0326824368015113,0.037369664729023394,0.02882378365816114,0.0435961010633423,0.02625093189978666,0.027196118865945466,0.1876214558798799,0.04150059751889322,0.03540258632153522
128,0.06371646642211536,0.03485192767671186,0.034131995928370344,0.055528657610199025,0.029871774138573302,0.07646820672494849,0.03043917321280225,0.08268133089265763,0.02353892728415877,0.03630670687515052,0.07365630485874466,0.03338334929035197,0.02697164545917668,0.01498256280207224,0.030401528127471662,0.06221728068183238,0.17966651877052786,0.044475610714394126,0.037535701654713705,0.02917433087502716
