site,A,C,D,E,F,G,H,I,K,L,M,N,P,Q,R,S,T,V,W,Y
32,0.047042673043366824,0.10985669867823246,0.02776896967858016,0.17527999519611284,0.031454605384914576,0.10903238857823096,0.004855278401677416,0.005048540257367417,0.006789025123709086,0.01796192162194886,0.015402258401053567,0.04791509333460678,0.10026517880959265,0.07202342294129106,0.05998471356026735,0.06811170382519399,0.006406566182274932,0.03371198519720687,0.025875138676095383,0.03521384310827683
33,0.035932340876063104,0.09105077220641553,0.03306319356010056,0.05043757832125767,0.011882404965429354,0.10148651331152399,0.003735260273206336,0.01410940295770113,0.06908163693419007,0.015096759154651713,0.00790777866222106,0.09815109972119793,0.00251579890328998,0.12245182312847974,0.08428238452451903,0.030776761160279414,0.07779549677713557,0.030239773746462112,0.0876404682798501,0.032362752536025635
34,0.003519392239167134,0.007067445197425569,0.04248662853481396,0.059314535466238785,0.02545104540305011,0.0420082331235163,0.01626165876416737,0.0032952611752164592,0.004078119057954467,0.0788401678369591,0.11192584379829856,0.003963962028605918,0.004547986448422976,0.009529061595560972,0.08134422430020964,0.06624387326156261,0.09941521958079756,0.08280150054247677,0.1618772897098361,0.09602855193571959
35,0.006689172487755735,0.023787532024443312,0.07535050379525958,0.05121080938134798,0.04205220256715219,0.00793208704370193,0.00892660089893094,0.007436134191983758,0.006344505857526796,0.028954206186478034,0.02401218578430795,0.018543022662860436,0.03861138772645064,0.16404550679044738,0.12620602014429097,0.005695015279785897,0.08864870629962907,0.00673600694369459,0.15076012147423726,0.11805827245971555
36,0.23642198122517952,0.02081179404474401,0.0395149821000068,0.05583484897338026,0.014632281939190346,0.042280143021803294,0.01525801134557328,0.06472562504636979,0.009443660478821555,0.01137334530619271,0.018479717177656917,0.07412964454029783,0.03945200272247579,0.013542298839091001,0.022193437993862943,0.006109062065880828,0.03626343459942827,0.21347624939430207,0.03588432504746527,0.030173154138277574
37,0.054965835020742954,0.011987595962991338,0.007581715853954529,0.02008812605109781,0.010045081564286053,0.0948373387150971,0.00812323383839062,0.05401217895771895,0.007820044741332747,0.01746403479765341,0.08565719820933214,0.08659051492018457,0.0025774864473800344,0.00738132519509966,0.007455972624015348,0.18128019032512285,0.1598523270867987,0.06660749777670825,0.028453547316487533,0.0872187545956054
38,0.019817299053924074,0.006674027527921734,0.0031577016980900885,0.004278144288507242,0.01694845898395194,0.009040144929221939,0.019277853125666013,0.2302368440562273,0.006380391073392515,0.03445792000250445,0.05929834504335046,0.09066133583891328,0.03020934377060287,0.03264645949704519,0.027365628811600918,0.04526720938317337,0.002594993233306358,0.1544886072376976,0.13558292347855178,0.07161636896635082
39,0.0029772196183935483,0.009549988181618837,0.005779313854496924,0.0071118597384375445,0.4534315584833482,0.0055267947827273775,0.04642747161234989,0.0029547151481440323,0.029318830526024475,0.002290876739348623,0.012482649329749327,0.03152324452356046,0.041529037220934886,0.0069285072385036695,0.03711897117386564,0.018073535174678974,0.05527832451596389,0.022883320153310224,0.08373324075761933,0.12508054122692414
40,0.005823194414772578,0.12153913720212299,0.010856871002781973,0.2045656274517417,0.10303127366392523,0.005079086313132133,0.027257193106501966,0.009826700057409408,0.011804231100202178,0.00416405131124697,0.044429842549134256,0.03896218635165997,0.006618060694432226,0.015800278650097258,0.003923143494520042,0.09000801436694167,0.026491686346767244,0.006149134246335067,0.06253179180905628,0.20113849586721888
41,0.010808263249622857,0.017452384340027615,0.07470467019921664,0.04737070419811553,0.008867519697523118,0.24809614605847027,0.008888887289665207,0.2128557991034666,0.08269107628849859,0.012901459726180115,0.012453333169578447,0.0076519249132921486,0.0042249180983279875,0.013401423473201017,0.07158135859777479,0.026156925732208236,0.007054151948677159,0.04288186321206629,0.07656675295719609,0.013390437746891325
42,0.06893630064270896,0.022868036114431327,0.012659715403855909,0.07712080106589,0.015061780920942016,0.007822105793876849,0.01052386883942484,0.0223371605451093,0.012228082871734691,0.06725281876527565,0.04494769680662593,0.0651111808754232,0.10999977601632581,0.024541877136329895,0.08914495097681022,0.005771757673291091,0.06997323822305744,0.23765350355490986,0.018025505692026475,0.018019842081950503
43,0.08690180933652256,0.015203907027435943,0.12206776833276876,0.027312348436646535,0.03045573106940092,0.006018594475365911,0.03591268682439705,0.06518621465573732,0.08528527092926712,0.040753414831157235,0.01916619272685633,0.007881786334152223,0.2031268195208182,0.007182599710350523,0.04494452093047269,0.031635652596839,0.09125976388963053,0.010116513737314401,0.019632351969816626,0.04995605266505013
44,0.05396089003493746,0.060642472421285516,0.006546837519814975,0.00885323306300448,0.03573568924395329,0.0651998487360418,0.030343146305690676,0.1816226081037076,0.12517515247566985,0.029455970109598495,0.03050910224897242,0.08123775039762614,0.0030528161984307717,0.056197219586582504,0.019504043356907128,0.007446486832023075,0.03523205508434788,0.1562398226175138,0.008025160024978426,0.005019695638913726
45,0.06836606536217157,0.006297493426797152,0.011816357678628812,0.009313866147587788,0.09948123969286224,0.027368052148721875,0.009601969783920026,0.004634527196456641,0.04662076993830759,0.06949014232358787,0.01278819075149275,0.006734841404221657,0.05104202955631933,0.08196801585339233,0.04453219263051647,0.0296944582288265,0.005063869256055759,0.006288928063844504,0.1596166709209463,0.24928031963534286
46,0.07579389427132266,0.006278245454589272,0.039892296182987556,0.05886028936755151,0.021554202642045658,0.05559001672399772,0.10102637230112382,0.030889701766582157,0.09626866005736566,0.039553279031078775,0.016842434843035638,0.0202772799873596,0.003212207202847869,0.1692761401187341,0.06965835441881162,0.05692689097655083,0.06731966206236528,0.0416434924005321,0.009543042209231559,0.019593537981886643
47,0.02165510667618376,0.0063668564786852734,0.15483649601417632,0.17937233669396835,0.06488521244549576,0.017585109333847607,0.013128262146246803,0.0061877153967981715,0.044050787539118154,0.010339490364918491,0.03275859309226461,0.07691740091900001,0.1180905574401254,0.04423815895345,0.012567645457016146,0.04200231348065406,0.05959881878047501,0.04654352153922588,0.02134592328434289,0.02752969396400735
48,0.08378207800872024,0.21523189574242316,0.01698565578775864,0.10066912263443592,0.02537342366113422,0.08681141919367623,0.028751931102943166,0.051791717544065634,0.033931863619256465,0.014852481956460542,0.08279102113532365,0.015200832231851273,0.0037595920287856535,0.006927328191161561,0.0015877861912035908,0.06125033833402109,0.10185970957034923,0.05318635510263805,0.010852406786239603,0.004403041177552082
49,0.12896613594097892,0.0309258632489858,0.1015566014594313,0.0963602602362715,0.03401781064393472,0.07540658937272353,0.003391944841420588,0.011052131945835321,0.05108368845980152,0.052371298701684665,0.009475436426945956,0.006507966156188272,0.007765273119223473,0.009764763984336705,0.07110806151817746,0.038285970176050094,0.1092297321478303,0.039653201631877855,0.09092586498346533,0.032151405004836674
50,0.1716311944517438,0.008107982249475171,0.004188125770769504,0.018065566957592018,0.027138836528776966,0.039614552382050645,0.0033326984353887704,0.21868965993852763,0.034163545724895446,0.017751195068488008,0.03397381028474936,0.040680353732689446,0.11546204235783332,0.007234778978799544,0.043111127015806446,0.05136700875032261,0.08390433778155192,0.0037220127120154017,0.02322138372507617,0.05463978715344783
51,0.09191658644382387,0.007200658731756173,0.08333619574315881,0.04672027521112101,0.034805965709336896,0.033206438678247414,0.02119627482594172,0.06896410502634939,0.0030053287457970945,0.02016736999166366,0.054921524810967196,0.09750479049547488,0.09999430838702679,0.09644951720585154,0.020069519117833043,0.047092913108865354,0.06433802414319639,0.04918883921227588,0.01790055247342153,0.04202081193789133
52,0.02269012456355698,0.019059907852905168,0.04219270523360816,0.016803401128672527,0.013181823361735076,0.027501560168956683,0.01401375913277896,0.27005333166265616,0.021166729845151683,0.2501750535769108,0.024385212735067614,0.012472014197019148,0.04592865491060072,0.015882422028291366,0.009477728727115511,0.04598470021486305,0.01783805801093511,0.07081610522561013,0.03564940185012812,0.024727305573437143
53,0.013857675433046435,0.050692047160197935,0.03727289980600563,0.018033868264438976,0.19551667124522246,0.05821654571690187,0.03623578403014329,0.02915186707879511,0.016484805723967124,0.10114309956930785,0.04568651678835668,0.03881025929112949,0.008706843294970033,0.03708571934403528,0.007532461043412415,0.10118864295845675,0.012513286998151319,0.0526926532061443,0.034948050480401366,0.10423030256691565
54,0.04192829171303824,0.1824268646299996,0.04880037028452584,0.012324985543395986,0.04857400232082354,0.06192328641699828,0.015122312524572202,0.006987164902431381,0.014181737584869588,0.0038139372700892685,0.21551819083807586,0.007248231035993662,0.10931579737874636,0.01230215440010221,0.04787267264170317,0.057424391992103516,0.004358850782982981,0.034101365619287824,0.011445539547918143,0.06432985257234228
55,0.1459385682747142,0.025166024071744123,0.0401163642448393,0.049873481412964105,0.021498861409529883,0.035842549236786536,0.08339989379537599,0.03179909454626491,0.10262769134221378,0.0260441186502566,0.03020799904636201,0.021215048965404465,0.011646866803665454,0.01721962689249635,0.005852703346046083,0.09807959299545817,0.13308985638693605,0.07085229592711251,0.03918760538679984,0.010341757265029672
56,0.056190120912593615,0.13284643388817763,0.025719503909252466,0.0320820366481964,0.05429371248928571,0.0096773320823477,0.045773066385387536,0.01668445356513739,0.04920159045077231,0.0361044779242266,0.042614487777143356,0.015694962936007268,0.024301906251729788,0.01411876657492173,0.010913465562269012,0.1491980936443603,0.08958792541784891,0.14050291191079858,0.025145431192684163,0.029349320476859522
57,0.056263382277539964,0.049740875655541944,0.07603955258502004,0.04753964632471513,0.04746189042238228,0.06760979317882532,0.044836238669838664,0.044490645374085,0.04178093261073856,0.04136925225027485,0.052655304230980096,0.09341608781572106,0.047643766606012716,0.04728655342547437,0.04404470367024321,0.04320331675370283,0.044421416915457895,0.05107433213178423,0.04824714071143439,0.010875168390227431
58,0.02901968505502543,0.050796226236232186,0.05189271881563066,0.053871992296951624,0.04539889459956943,0.04850333206996944,0.05663459481788948,0.06994925367523643,0.04427347661174013,0.051610828861151356,0.04802666759980934,0.04778466018026478,0.02629983950138467,0.032901075646638245,0.04865055656722417,0.04048197707155022,0.06321167327422299,0.0951427245193161,0.047380647395958216,0.04816917520423511
59,0.05515378711853615,0.05234215592633138,0.04687502717873522,0.05961257250715579,0.04734787580459984,0.04757330211861985,0.05466048231406778,0.03932232559052722,0.020335014771026824,0.0023824491897448375,0.045227730722527955,0.085671890822497,0.05110985696984901,0.048249740903418784,0.09855464804898806,0.05452162035997401,0.040979549297125696,0.04510533780671283,0.053823265121289786,0.05115136742827192
60,0.0421701198288181,0.052582734513490846,0.051757659843193665,0.04813645646487872,0.04860921398814254,0.08145353898374358,0.04975009310187055,0.05039121547238755,0.047872723874824046,0.10827496010845057,0.050501942206932195,0.05013595028835601,0.06716434965088557,0.04247702416547809,0.03539524462068282,0.005007713957239724,0.04747021571850212,0.050744949278080216,0.03537764177774096,0.034726252156302095
61,0.04764917642546501,0.049964046432220036,0.0479935674749983,0.03180724272104085,0.04399056056341692,0.040063450618796216,0.0764484115285239,0.04156014326396221,0.0500056867799273,0.11132108132342922,0.023966969005034436,0.039181102802507396,0.044488178989349196,0.10974742499990432,0.03356453656926189,0.007907593764773832,0.04640070895984411,0.07166301797130893,0.05173228546523883,0.030544814340997137
62,0.053747612552037256,0.008251157384964146,0.05624583749982505,0.04587095518819756,0.143537515085826,0.10293108924764179,0.03742078989427693,0.020632681393635933,0.013157833793202926,0.003362069287235068,0.03531817948900549,0.18452550668301962,0.00922758049152793,0.04009473817324593,0.07224486245268022,0.032244497460315893,0.0075985653103680835,0.07895597957048055,0.022424917119595305,0.03220763192291841
63,0.04383647474138819,0.006321656732991101,0.06536246178514771,0.04941619446670104,0.021084173227886204,0.04415348125448761,0.2209836794734026,0.03866868768548576,0.0024323117618181315,0.022720420604941317,0.10106962745923599,0.03465843877960223,0.03337278443816222,0.03995029705310584,0.03400834943191036,0.019978159522602897,0.04880117027679607,0.029164168322566904,0.0071908042637677284,0.13682665871800004
64,0.05865575493383093,0.02138679795064952,0.04955296540919817,0.10434673290050941,0.01794601129869707,0.02847390569692822,0.015044731064929972,0.008736217151326464,0.13610901258353897,0.04319647597897108,0.03418757693390653,0.27376428696974114,0.0121764899549663,0.039622567831593326,0.019470123966197836,0.02700422843175722,0.00472178443237512,0.010818419511519545,0.019213293052225265,0.07557262394713794
65,0.04464156662514731,0.00602509892624787,0.0056332888482873,0.09373403174746647,0.022205954414691628,0.02565543818031134,0.03260265598132686,0.009495456466277608,0.08252105387799397,0.041649321839133197,0.06742576823786318,0.044783577468784544,0.051024143602270554,0.08281715291491148,0.034791689480564415,0.0665942585082021,0.05602445921446199,0.06519888583584728,0.02213854912424064,0.14503764870597027
66,0.05138910543138741,0.028525634507886855,0.051452067365400964,0.1403952362897937,0.025580354626718146,0.010172798875158059,0.14987605133291157,0.02419678025876119,0.029205088845717223,0.031120236164026108,0.03630970072682569,0.04481531695342662,0.037032479874333626,0.015351799174450408,0.05456502778462468,0.04831353653958775,0.09092169462744466,0.011491336680406987,0.06165860166490735,0.05762715227623104
67,0.009345380229272587,0.02895054324638295,0.05094480432495369,0.1084628434730005,0.009730138329874153,0.010026513423976287,0.01980881926922627,0.038296285637447434,0.010976990616305889,0.033463957260794396,0.010867712801063356,0.1453430979015757,0.07796750179157236,0.049158561027562414,0.11289549238635507,0.03678953713811496,0.11865872621218568,0.01397415199349612,0.0415694874750216,0.07276945546181858
68,0.006182018268842003,0.031041361779206352,0.012578906047477583,0.028486630101626,0.010366980530611261,0.053784430233127616,0.07382835700956933,0.1319516514724518,0.010064919132262522,0.11500559643001641,0.022906083353024822,0.23962893704784474,0.004489189868409949,0.018616347312607764,0.003838305518921497,0.004228094088963007,0.00662929675549194,0.1449326856674705,0.07473310542810042,0.00670710395397449
69,0.008818545659759508,0.031078171095389722,0.017023504219850872,0.013060033832508134,0.08868213818171718,0.012471062581897684,0.013058474047531993,0.12359807307735321,0.0064596783972470165,0.1614467559723711,0.10634386165725396,0.010938888571423933,0.026736904507669544,0.020852215606164792,0.039853010157957065,0.01861856534431433,0.006510380801131247,0.05120476573593921,0.18742257340151205,0.05582239715100743
70,0.06251185031255144,0.027853578559652703,0.09138820378270983,0.020622449358920995,0.027798493216384258,0.0321678991166923,0.09656783147240251,0.0171323064353925,0.007195273987083585,0.04754228748222161,0.05541751305183437,0.02062531550225263,0.014417046934282474,0.04573573802029697,0.020361963931445647,0.03274565042464303,0.1140382736949181,0.1829816698365458,0.03884988012729805,0.04404677475247129
71,0.037400706302694944,0.024814854673510866,0.01143349856571143,0.08746530850633255,0.018210805027530277,0.10305670449868296,0.02163393170764732,0.03149376556610114,0.09319323798431797,0.04889735655359673,0.016482648184164565,0.027408152166275186,0.058640418669484724,0.017684640277669514,0.010867468284655062,0.025091538080275314,0.16336372101963312,0.15037678430275914,0.038778818407581905,0.013705641221375279
72,0.02719129391084968,0.08055675654251598,0.020850087901511216,0.01729062358133337,0.020747573445701488,0.07455311562559437,0.11715174944509042,0.013403284158603205,0.02651312663049249,0.0036393744847627103,0.13900294657214207,0.09285488479852046,0.02739669190207479,0.15202306025955817,0.10623494638981874,0.0030573514355556526,0.009688318032842947,0.027334969156098503,0.017423898928465,0.023085946798468773
73,0.09768683325533804,0.04549706837496446,0.06947828992881157,0.03192282899422762,0.04603821306848112,0.005310715322006557,0.02688608962363503,0.04885911937124537,0.030756421648054238,0.09828923295255829,0.030759131395272594,0.023026912777686846,0.020772410908425194,0.058963675602797104,0.02091387441621022,0.032033533442841475,0.026277081489602942,0.07027267302177265,0.020480690092734878,0.19577520431333378
74,0.07298463387738212,0.25444745714387296,0.07451266658156833,0.024215380617893273,0.08132079904239073,0.04311372238936289,0.08281015137956607,0.005624489019534009,0.008605449986385611,0.016458190276439605,0.034605985002194674,0.011986456183635943,0.0034733691893955054,0.04521851589674044,0.029077302496131056,0.044023665185576565,0.05229630537777206,0.007848357990079907,0.03048459710396578,0.07689250526011247
75,0.04079803488840193,0.03085436733494313,0.07308112113672428,0.012966037314174115,0.025094912460627977,0.012214747859841302,0.08207001877334069,0.1368397186836655,0.0049028092034339625,0.06635486874683755,0.06982878115861038,0.053638095120312014,0.011159555637409184,0.003382617488830239,0.009976453584032199,0.06722330640143202,0.1443441877000319,0.11137138559859927,0.02087287795346585,0.02302610295528646
76,0.0679808370487733,0.008771346824262513,0.029116738731409377,0.0074469586514819865,0.09985327043044218,0.08825546684953182,0.05789284256976788,0.00756669087527788,0.010150478931174866,0.11197794736829741,0.15665126675488147,0.009490514752671715,0.15235651679402892,0.00495901641105617,0.022934619117040967,0.06990237369109237,0.002302546856391999,0.004606328395402683,0.07907144959680515,0.008712789350209336
77,0.03295724573925879,0.023829114499564118,0.004989700419617602,0.004637043654732523,0.008276311256742667,0.10458293404259407,0.04170695195566478,0.12829697089229683,0.013263907278375604,0.024429865286872215,0.07333107781335432,0.02087806996164986,0.04596035731687221,0.19771200198791097,0.019149390097601183,0.03579212903691376,0.1264667791259404,0.08049813601204991,0.008674903969658745,0.004567109652329391
78,0.05441863713147925,0.04632422443128732,0.08734039746708504,0.08580735592193803,0.013090887225626164,0.012976395277156843,0.01947374880309956,0.11154243832150727,0.048334039102271895,0.005790551568615457,0.04075340297744108,0.15349589559177138,0.00522561501267199,0.07545957918040624,0.0016478991053878826,0.0048137539290241445,0.007305108548971387,0.020236964592902525,0.033542986301395766,0.17242011950996075
79,0.06774277625452041,0.025983111370401622,0.02227258603982211,0.04463156208412103,0.15621625083295917,0.009006380717564523,0.050000185909575404,0.020705915093720502,0.03935959142666385,0.05401669814615541,0.049337577136379616,0.01647374010818793,0.17108450519253132,0.039833759513058925,0.009814341994547303,0.07728108336202244,0.049331865494369825,0.01927336214967931,0.04860330509031645,0.02903140208340285
80,0.0409225830876333,0.030858604050784857,0.03134727181800101,0.00818003577410211,0.1308266481451146,0.02127115631929188,0.022738102253416367,0.03585018202369736,0.02874616006136278,0.04673052949356717,0.12212361041575295,0.0870561314633111,0.02958192751856609,0.003102631774068192,0.04550258353868667,0.07381786004081899,0.012512952613620936,0.024836783272361777,0.10863144502801786,0.09536280130782396
81,0.03041047809193685,0.14197334741535428,0.05143562433698653,0.09579639018258913,0.003130592371321864,0.002986653055625227,0.010490162086503396,0.02457198106968523,0.06936706047837524,0.014075243251814851,0.12615723103566512,0.0030947813046671453,0.061048619058430335,0.09075838554533168,0.015326292842671122,0.03748132105701906,0.054975122000483614,0.07085955801174283,0.028234955992598516,0.06782620081119796
82,0.048577300335795194,0.013891136095963243,0.05483218477424637,0.005428012813562384,0.0845324413729398,0.012505812040253736,0.09560710079254413,0.09857602316744471,0.015792704668951954,0.14619738210049585,0.024762207798491236,0.05776919951887244,0.00154674586287918,0.07603639487227337,0.026153302383630266,0.054837981915679145,0.03063392622973019,0.06727526778092914,0.055342280195657574,0.029702595279660137
83,0.08411296616121537,0.0081150740198087,0.1257467917416698,0.186023468877164,0.0059391221055861915,0.034476032826483635,0.004579246865990061,0.018544513761187237,0.08672852955236383,0.02255731154830939,0.04752079254835497,0.00639368956816703,0.063764156287238,0.08651430724077656,0.0027730032663138273,0.07177405084792893,0.003042241074121999,0.0037085789052981773,0.018924696417847362,0.11876142638417496
84,0.07614293312938458,0.01912859727218957,0.013720471595941188,0.04876593609558104,0.09169595921744687,0.01433693028335816,0.03213238206046106,0.08358772675274037,0.015113595434278312,0.12636995382652627,0.053180504824670516,0.0037166704279560604,0.03495739587107388,0.1312679302492725,0.07259431096329365,0.011803931561760591,0.062074696180021025,0.028814826785805388,0.046818167043243465,0.033777080424995505
85,0.046856482384944824,0.023198360968859525,0.041463706778344364,0.010677555572127913,0.016285325135587416,0.08438130348590311,0.10418589548419487,0.10772184909020532,0.04527654098825921,0.022836987524418744,0.02010810651528987,0.05749357257998996,0.05705154104012677,0.13961235885085588,0.04331188722290844,0.013273798705539911,0.03608783762793374,0.07094546804146604,0.014856969546901749,0.04437445245614236
86,0.002451537450387088,0.07781780500592905,0.1496918149685406,0.005003042752445738,0.05570839875460207,0.040095089548238656,0.007646879247362192,0.1159713600229882,0.030482121786235137,0.13710025481498708,0.10386190860294257,0.044860820633463916,0.0032168823447443033,0.009577731885846964,0.014415462887070435,0.026630083147037704,0.026956911555112366,0.05858978756962825,0.08367679984514098,0.006245307177296683
87,0.02286757100199253,0.03470498253328593,0.03797395957920867,0.05020953168041252,0.02447796218011315,0.017077856933153456,0.04828704322256243,0.018423957432386423,0.23954617164374814,0.0593295414370266,0.14396386455868818,0.047027996708946744,0.00882265135348928,0.04582192372783734,0.01936008812703425,0.03589541949813928,0.08051721890360987,0.03414676813019957,0.026223462501598623,0.005322028846567037
88,0.11632590472010497,0.008035517894704788,0.07274924900130808,0.01206970748755993,0.020978049528644932,0.009053317732746452,0.12192586281342292,0.040733619498495896,0.14275428907741503,0.045667318034122016,0.11943746533161859,0.09391035866675215,0.004721715669481286,0.007008673135078212,0.07532210105346544,0.018839253082108678,0.021701431312168954,0.008163906360055357,0.04001911116547036,0.020583148435275974
89,0.03758316105250989,0.006170251054435976,0.01999423492526147,0.09285472859434399,0.01480221790114459,0.06888300695940781,0.06411497911998633,0.05732735830370639,0.008608870481391235,0.07230372854996031,0.26187693419460234,0.0370362654563474,0.003599861237121943,0.026179576984215032,0.009629615856062089,0.004202748888291318,0.02247310754120581,0.15238573240727699,0.012370039740564215,0.027603580752164902
90,0.05736322115541785,0.12059495851167483,0.015226607019071735,0.03867844540963249,0.09623328357622395,0.030194867549733197,0.050866068166736576,0.10187579392743087,0.027629185353200223,0.025641846690949866,0.006716892057834854,0.032168507537745986,0.025229057220539943,0.09996088143495352,0.08018902706306152,0.01727282829051194,0.03913787575980385,0.0417709805456978,0.04233095779610215,0.05091871493367689
91,0.06708087171607659,0.008948636332048312,0.05110340092650995,0.14629386779099005,0.13173827178962438,0.02887863511488415,0.0733921560151943,0.00630447933157037,0.0957378213167888,0.005218190525933067,0.05732451754105912,0.009223350570300822,0.006949529405780747,0.03907519032336239,0.005908779734938741,0.052917958720134786,0.08816165419768586,0.08439492917457939,0.03231862542140508,0.009029134051133078
92,0.044177767682550564,0.014968982030026922,0.03903815839690049,0.06650595900357037,0.013002196987392113,0.011413717876237125,0.004084257154687665,0.15017952348632718,0.110706108931128,0.01816760224651444,0.05704979700621393,0.10706355289431865,0.0035518071197467066,0.04610376957640384,0.06477750017171036,0.03504100874021905,0.08150918434148013,0.09883441700733278,0.021889165219488485,0.011935524127751122
93,0.15053400667945516,0.022531512480176992,0.02765231091698293,0.02378037692195185,0.3196577766715525,0.01369956530982414,0.01678214204395908,0.03351902481653703,0.013614764838588792,0.04173560587925165,0.02971454439048539,0.02006575524575454,0.03788799049219746,0.013684150137618442,0.05593103423831437,0.05798102556125122,0.015259884269042004,0.009838411025472721,0.026563892628954335,0.0695662254526294
94,0.05586890195730919,0.03718355258905947,0.18490615172508823,0.009334561722191862,0.024985647070949527,0.04130523319591799,0.029521585397737887,0.12676745223908384,0.03851267663912998,0.04736703457712555,0.01822763784219047,0.08634801182595456,0.0020307192308300355,0.0294054517454426,0.008550194124862099,0.054715988374426955,0.04471763702851283,0.004640451900731382,0.019520584052625817,0.13609052676082972
95,0.006178164476560352,0.19644774301679405,0.007441560637859681,0.012752682336532884,0.08500524063749386,0.017478449838492758,0.005520458487965838,0.0823348985619158,0.11331313339958715,0.06486235865072036,0.11200281229948628,0.023416339636053787,0.0029944798367911914,0.11187423792334734,0.003001064081183959,0.03746671798775735,0.032370925476904566,0.022619773221293684,0.00739664146330403,0.05552231802995508
96,0.006270030683039396,0.029477420361433956,0.017856066795418447,0.01392593642834382,0.017128274463871225,0.023218960016155716,0.03952999750253257,0.006637271356129356,0.03356635945187626,0.01615668566848673,0.17596132083400534,0.08179995468920326,0.005190515816991994,0.010754020653267185,0.03804613066429976,0.04890064441829716,0.030851633423349574,0.0060999196594214876,0.14204408271319258,0.25658477440068417
97,0.0067331338766930884,0.03240024429765817,0.09015434348133354,0.18597483206424456,0.00330524927973729,0.017900793938739872,0.004019704387364799,0.0031608584557721855,0.043750596464435076,0.021142655081011263,0.042273779221258405,0.03306316700822449,0.0011944047832074761,0.004602811296194605,0.02329552874219927,0.056203677491917514,0.10029525261360218,0.0840206271606372,0.012788395750859735,0.23371994460490927
98,0.014161701586599728,0.04120463229436476,0.03338848031941039,0.03225581028169699,0.005326224998642205,0.07788044678786525,0.06638417489130154,0.1024004826112628,0.03367258969439846,0.012500852113462638,0.029678552244671426,0.12338281121336875,0.005942687550990057,0.005829100455747436,0.018717539451127634,0.13621265182729722,0.0034084751043077766,0.1595679690637358,0.03547358442706729,0.06261123308268186
99,0.018874043102873213,0.017814677162163402,0.09338656927886031,0.06633522695355515,0.051544893875998844,0.03714802776037962,0.024044956030246478,0.03770406039230035,0.04126794665201542,0.05048951149066774,0.010778857501995089,0.07543533157932128,0.07168309122565916,0.011457375715646494,0.018495578425057384,0.04343466635866115,0.10922706786743575,0.07466571957582978,0.02256691496131672,0.12364548409001666
100,0.003575785321732889,0.0071457540695012995,0.006886910832100542,0.11153609044132706,0.05604424381018621,0.0045114416937591315,0.032581122353617355,0.16114132094154535,0.06218465331087779,0.22843307701770113,0.12708965599081073,0.046218707387619525,0.034388025774231695,0.010242523677949394,0.0024728023122981098,0.015568731829483266,0.005416008952472953,0.025841177293174734,0.008191473139013595,0.05053049385059723
101,0.08436773699057878,0.03009794924835648,0.10982837513738702,0.06532521111785773,0.007747516464416767,0.06193226674787469,0.006072381653601969,0.31473618825244504,0.008666746252265736,0.007737645484759347,0.03920427120947907,0.06592855370642321,0.014531990667736656,0.009881279960175406,0.0025046257300190737,0.0050391583011848195,0.01666362278934283,0.08904377903582741,0.01822826206025209,0.04246243919001585
102,0.012456605809900512,0.010338637290076015,0.056995004698223134,0.08176811638239306,0.005585469500790517,0.10451065791158073,0.03773285184370515,0.01800414150269292,0.2219908901486975,0.00522796728115428,0.03469278801737333,0.03355156462833147,0.050647939151108025,0.054928031887838666,0.040374362087600986,0.035746272847886534,0.011787147793526189,0.042510695564174146,0.01807677083169608,0.12307408482125076
103,0.04075848290141863,0.08871279986862614,0.07494677632130925,0.05691834918342782,0.009223255849711688,0.0098823160834294,0.04627582945489156,0.05344628887221122,0.01711995877109802,0.018573890045144148,0.010450720956338602,0.15388684439979217,0.007700065774169316,0.1271078522459886,0.024990022233186436,0.07520781656637487,0.058319807734336496,0.026503124188435288,0.06694191338744675,0.03303388516266353
104,0.06235698429351923,0.02382057492771009,0.02222239105848068,0.01799503348833235,0.030476494750889867,0.009602080740566172,0.010098991058815628,0.2316423090838633,0.048168356774575594,0.038064285064169576,0.21155986979214558,0.012043174418255996,0.0042226441562262336,0.11647384482159848,0.01069014007892511,0.007025230249975281,0.04027690194755947,0.048804006179222606,0.0174978944553781,0.036958792659790664
105,0.05137538068755713,0.029354773942126003,0.014109156027292579,0.02721094680513604,0.015717356826098514,0.09656374932434772,0.14916389611865788,0.005928303914586069,0.010956438181995203,0.10463492634354288,0.023322527050874984,0.08891280308092298,0.014006026734583335,0.03473734634949362,0.07949752939234238,0.027082795125481084,0.034879977622657925,0.027584396946245954,0.015089747658875134,0.14987192186718257
106,0.07253301866079673,0.0034847315833796202,0.07355963936367226,0.04611416277213429,0.09005924790909849,0.0430058432107749,0.03276909081040106,0.045741851588566404,0.09246600946634127,0.07702773039939258,0.11154731318163137,0.010275469518891373,0.005643110486452424,0.08391359962210519,0.038399376726091373,0.07324046698208715,0.044480373586140785,0.027758889985144454,0.024223156722292836,0.0037569174246054713
107,0.050814479880469623,0.01163318538509206,0.25237523514090215,0.01721752539530653,0.030018275434219036,0.042820795469807944,0.029585960470153043,0.06257351958135685,0.01226996026665141,0.03339266186352454,0.018268197325740438,0.13294291682211118,0.07055864766973476,0.05153617459712015,0.0036750602527916955,0.060354823192392076,0.06155800141720549,0.006285404478178627,0.017503456439750983,0.03461571891749144
108,0.11633297963440804,0.09398865271552427,0.006600081908663941,0.005525083362673468,0.044778812051492985,0.015108935707135314,0.008377149029439444,0.09285577671002108,0.017850522978782528,0.04512530383503464,0.09689598196862753,0.0032251476141422443,0.006655052866934929,0.004582902112231075,0.017036216733798834,0.03737282799977594,0.0780131633921453,0.25393301018892184,0.007250255199968082,0.048492143990278486
109,0.028053475871594936,0.01334917878610761,0.009121274524284382,0.01997082092241022,0.003306732538859741,0.03164068035459071,0.027886087582883374,0.09450017437817253,0.0678084820535413,0.03088263711666899,0.010231172071969873,0.061987422633280824,0.029093134797189175,0.1503581729251728,0.026110830969121576,0.012330292986688371,0.16605201138281547,0.10533379283673835,0.0994708805834513,0.012512744684458496
110,0.026811007194343206,0.0046408824323711005,0.020532498299722233,0.05204210575424965,0.015504383295927175,0.057272487380292794,0.051828428741251695,0.048107001744992585,0.04794466139961804,0.02119487566970115,0.005337977107740698,0.11177964814762065,0.0027730681763185982,0.0519162177730861,0.010250780044199232,0.10289671629784763,0.0602699126579289,0.10583497767551482,0.15234004315349936,0.05072232705377432
111,0.059076830763305124,0.010653036887834007,0.014641602803432152,0.012886824815899854,0.025177247473257176,0.1305532908703355,0.014039943604734324,0.03737583118159404,0.008981231917908943,0.14023850858706086,0.1851371632075275,0.013311019517057624,0.014464255133808345,0.02823651110806999,0.0037567654674137882,0.12785278716724183,0.004632670027397714,0.054160757653883625,0.021375843288134064,0.09344787852410355
112,0.010156722043460072,0.022926145986562507,0.011317279646086836,0.016398161373424727,0.015478092376188067,0.009558970899408558,0.039635972659890766,0.10410928454516986,0.03872451815706497,0.07623392293304375,0.03138643393820524,0.05960318990619766,0.015291981295908703,0.024692360758488616,0.03056196357053254,0.006272647390962488,0.05116117986405622,0.10244366171647884,0.25381200911687946,0.08023550182199007
113,0.027452965762008154,0.006800541590164083,0.10349068202000712,0.048660886120652024,0.06507048114574185,0.016545154274660835,0.0313291554834576,0.011022184638833721,0.053903167862466204,0.027982157724426093,0.00985946505323214,0.16440426791373805,0.0021493338908601437,0.14049596542116866,0.015867808217499554,0.039031156913399166,0.07809215774292579,0.08049284318272526,0.0370040051701535,0.04034561987188004
114,0.1068533170578467,0.014502271255078787,0.015616120841313431,0.06588854005192031,0.008448437366489099,0.01862198178780012,0.01575558441298316,0.008863158469279672,0.051539519598323966,0.05761263216832374,0.08703752101141064,0.006684777872156859,0.015170299031286607,0.11855100773972549,0.01914297267900274,0.1502307541663375,0.0661840459558756,0.08185606902025984,0.010622835779423445,0.08081815373516228
115,0.1638962958278871,0.018916040802605737,0.0861615202115214,0.08085609355046415,0.011102882655851987,0.13176741108070333,0.013521598746237637,0.006174711093726254,0.01264881162764606,0.004080190742101706,0.018880880561984878,0.046968949616290924,0.04369285225815985,0.08693882270796012,0.03375779621518686,0.14083941536817093,0.04048572964885401,0.03695544657286333,0.013705767505676638,0.00864878320610712
116,0.025083185078442444,0.015600985763014677,0.02382245620344515,0.03561270955115936,0.11060316646293322,0.007210977832798745,0.047041612404523904,0.11206953365819558,0.013852297730709328,0.11241250287649589,0.1488688937267699,0.02155432367357703,0.03674639978466934,0.030618201965361226,0.002862935774553048,0.009030162115739785,0.1304936277244919,0.04668532539329906,0.04717719338396048,0.022653508895859865
117,0.08184677386967869,0.010204918623188943,0.03061115816797265,0.042169775734904665,0.01361465587002028,0.0237339374278128,0.043100982389469224,0.01573456777787663,0.12914136357008102,0.06716064940058321,0.10980965770719131,0.014392324259361967,0.00350498313342869,0.08606503393823722,0.13781307011588032,0.0426410197349302,0.059172579273372015,0.005699205192546715,0.02307524725664476,0.06050809655681871
118,0.13085738609743333,0.041805051517249385,0.00852605021620063,0.12889666818575923,0.012019550392241325,0.05385663874968721,0.036549061991384066,0.0043706677873265225,0.004385540289835052,0.023467904089705765,0.0782087932749059,0.016037616507807325,0.16380665623058788,0.08534893610857355,0.0447701802363507,0.06154405891053527,0.06062644853063977,0.015633808816171404,0.01896417269572228,0.010324809371883395
119,0.005291202567144196,0.15120659655050145,0.12974960334190522,0.09998115865547509,0.03992022092515694,0.01608965894752315,0.004586084617533837,0.029126753427423796,0.049064790946963546,0.02597364687087976,0.14137751229426598,0.04298737405951766,0.015761884567554788,0.009810321833906465,0.027356267178569146,0.025905337090899,0.032172214152145044,0.04167759658305219,0.06477649239833748,0.04718528299124526
120,0.07517403967616626,0.008641667491266406,0.024546428634155824,0.022186373186602288,0.140464567924494,0.0031043880859302005,0.032655266566228046,0.08284714628509174,0.03910943137457457,0.031312963568259126,0.1105682917989277,0.07860204961874463,0.041266848568434926,0.03126715822765034,0.03499505978782133,0.029577759808595,0.044721912815106665,0.1413201603447937,0.02202992811416155,0.005608558122995678
121,0.09892324429142911,0.06721286092717546,0.03955266477592969,0.1029582595928693,0.003535556007489425,0.02477902519186842,0.02600227287363819,0.023015911231817593,0.09134578623837938,0.05063939414633613,0.015121539657960526,0.05315480843931049,0.002001137710765204,0.03201533757560394,0.0914587105216727,0.033858989692417345,0.06147316755428658,0.07086960492675821,0.10832614809173331,0.0037555805525589714
122,0.00559804034158468,0.010310691156726802,0.016017494336855655,0.063674789076865,0.03610144473410332,0.05264727691111883,0.035036748720405686,0.045363494399427634,0.06836793106338568,0.18628819416118741,0.21899337728387558,0.010403204305876242,0.015711434269185667,0.013138312925879372,0.059913907429498384,0.08338278072200625,0.030217288781913588,0.021092441125249436,0.0189443864212035,0.008796761833651317
123,0.036043221177221495,0.02437291162589924,0.010627449327297485,0.053120402972425526,0.016725032835558047,0.005839325608617103,0.015823725360516412,0.046315973118728586,0.009180580388516088,0.00783287547769105,0.01694268225939472,0.2117215442358532,0.019455296302235747,0.10230639327010829,0.003569382742934364,0.0545663876948949,0.12173473053754522,0.1782415940641674,0.04875706622865909,0.01682342477173599
124,0.07141845942496491,0.02081658009053682,0.01508872472301233,0.018304086119288118,0.014407380718454868,0.008046614957340763,0.08525333807098873,0.013033395539768542,0.010762974055018913,0.061575838790713454,0.035180605977678435,0.22242453566554196,0.15351676614034954,0.025488366937524917,0.00913207585045701,0.15135271006876808,0.022683950677599377,0.01606175169213198,0.031810806256441594,0.01364103824341961
125,0.08672772603415026,0.018101820794754985,0.017951711967205502,0.11387785948209325,0.055722306869407066,0.007347040807213369,0.07926561072622786,0.04693143717327706,0.015526819747296071,0.20570314488458352,0.0314425586278171,0.045686483289816955,0.0217675841612684,0.01595418541196191,0.04526386911473661,0.005327273121615337,0.011405840207743703,0.1281108482907861,0.030258500785623334,0.017627378502421607
126,0.18065307513507645,0.12960763231517894,0.0055351666607611864,0.009969260676243761,0.005293066653758862,0.024176058888230944,0.13136159309833922,0.04732099384137804,0.011753776239224198,0.004027553617660123,0.021772669058574667,0.011235626813369953,0.0037471910030924854,0.006103670854922314,0.06322110727639572,0.020315160543711828,0.023712336468914536,0.009034500714293969,0.09271549394397341,0.1984440661968994
127,0.02908458932030817,0.02853166528650941,0.05470300606028119,0.015156030727312737,0.05098454021277638,0.008849321542612934,0.016536008949826347,0.07084222894623658,0.010783671694466009,0.011379261000866923,0.16168233656065586,0.00832449428353598,0.12040273715958417,0.03134873780068998,0.04769702519445775,0.007577300856854432,0.0067238915545000996,0.2783733134317968,0.021771738678806676,0.019248100737921634
128,0.0605221601698941,0.05831855483866316,0.009890236492813415,0.012406032599066294,0.0074794007593759915,0.06000379123119415,0.006299734282723262,0.29145971405317694,0.004466235662551483,0.051882305082312556,0.05001005420573351,0.041523201286365184,0.05629675545166349,0.04287019475677241,0.003012906322089087,0.014696549597208295,0.09370643507971502,0.059450958774815287,0.04571567522828332,0.02998910412558308
