site,A,C,D,E,F,G,H,I,K,L,M,N,P,Q,R,S,T,V,W,Y
32,0.05398675744108478,0.05159460737310174,0.025597855279737975,0.20618112045299994,0.01972806786083396,0.0742036560961347,0.006046526781113513,0.014283513246705059,0.010071064662290501,0.0024010232913324737,0.05153052259104171,0.005403616973316683,0.07815622775798334,0.009484403710907799,0.1125093195950044,0.005441014852748264,0.02548176071127972,0.0026381523122702383,0.23220172549383855,0.013059063516274647
33,0.02468502963174069,0.00853980029644225,0.0416245689997731,0.06923613925226763,0.007675399520948716,0.057624873569797896,0.026412439908202367,0.0038509295748772794,0.03678879381752097,0.05579258679498523,0.029546513942007357,0.09003357917490007,0.09992366489258325,0.06107914395641553,0.07887812063526338,0.19281384290309928,0.08247495498775315,0.007143587680935816,0.012375154688737705,0.013500875771748374
34,0.039442965245266755,0.02254771064755428,0.005589298722385573,0.07360095571102855,0.07134998498249866,0.0024485203121191153,0.01353623731211747,0.008094029064161623,0.07671086353582693,0.07685279325662872,0.04344838964845842,0.004927732767996504,0.002852555652099007,0.025142059855976475,0.1134815859721702,0.04054325208964149,0.0565678454232588,0.04546927192567561,0.049424529768111417,0.22796941810702437
35,0.11677492371359584,0.08492807469447658,0.009824765443237854,0.01171125675698953,0.013774565776848314,0.008364518903069513,0.016807419810766635,0.008898315482536638,0.018860039523306105,0.030926522771401347,0.1255919855871255,0.00963735673300764,0.004881821225497372,0.01370215291976131,0.056927295457331925,0.005695502608079472,0.026794546728835775,0.005877727059196033,0.14827622855831465,0.281744980246622
36,0.1001753057920322,0.01833990888278823,0.05345113472730168,0.011156389999808081,0.05923320213616156,0.04326560422608426,0.008151216984780177,0.0930876167488289,0.016169425730907558,0.004211618567973566,0.02890637209231129,0.012638286287598978,0.10756385892896281,0.00990082940308538,0.006123693877323333,0.0559149437292269,0.06340770941832974,0.2308142378363536,0.044593562757618936,0.032895081872522804
37,0.05207690094309653,0.040143081963075464,0.02639711210435006,0.014074559611059561,0.012930632061472653,0.03565902943041002,0.012677949099999029,0.08829324514476812,0.09783142434775814,0.03608420333576603,0.01442108490081324,0.06422157333875618,0.06683746746290611,0.07551538022227751,0.0077856080835326524,0.10282312777349426,0.1734864448908589,0.033471166390823016,0.03267936047205621,0.01259064842272635
38,0.011848959840464076,0.07791784241620239,0.04759578369552595,0.005618553820075946,0.10653145465729699,0.01692566124105384,0.0264259975016925,0.2278711503080116,0.004413517304798015,0.01751337800015825,0.010925190229826003,0.007743917720741965,0.0230963013783392,0.004976027618654641,0.006844674477864859,0.017139125714132824,0.06361711080086416,0.13891450178538942,0.08593486041788542,0.09814599107102197
39,0.0026867676048861287,0.039730659842268,0.006691559553496374,0.010310122115404595,0.38817079261695064,0.0811109015571463,0.04976474661763522,0.030610825013083445,0.004774637674521546,0.0023396911915449085,0.030482154294048002,0.03810110871728354,0.011197887690801484,0.004739405287971768,0.10520647975211939,0.048796187625637484,0.004262031490029655,0.009251660237512902,0.01192262376740764,0.119849757350251
40,0.00406111644120803,0.045445031441331385,0.04315204812078967,0.008063106419649212,0.06953408251531554,0.004738675731087871,0.03699025332671021,0.08348374063392043,0.013713864247568477,0.002482120800219264,0.023306288858139027,0.25366480199145913,0.0339639132256577,0.00967091431736786,0.006731342823876869,0.008469786154840033,0.02848656013999747,0.006124681500812423,0.19535118053432124,0.12256649077572822
41,0.008049978483008842,0.0087443148420284,0.022466835779958106,0.04581812454063277,0.009848343126176742,0.22058674688569016,0.015194103403737811,0.11346196235459986,0.03454406897860746,0.013662180031923486,0.0114005621055541,0.0065961437606504745,0.08011426188514124,0.01495347100110269,0.024960640945323517,0.1263104766997239,0.060135984566040454,0.03849952325185622,0.0518267644891377,0.09282551286910602
42,0.013290611604743702,0.02379589442170058,0.014242734850810535,0.05136876175903892,0.02550514923509029,0.05904177085368199,0.0204866748119531,0.13051760429591008,0.017940377109917135,0.07253963948083164,0.021790871483775443,0.03259543950434747,0.09247121911444328,0.012686003038835839,0.062469582955866895,0.011443569024179312,0.024468406819501933,0.24317015086394603,0.01764626185039631,0.05252927692102949
43,0.044488954167512994,0.0140525173857407,0.011817351203255283,0.015956312291277645,0.011187600608347649,0.009856616975966952,0.0545652663507213,0.007321126303712651,0.009035858063034172,0.054965696875758,0.025221293568267612,0.011899539487230194,0.26137540220255984,0.04089731657134919,0.0690776955159163,0.10212638282345181,0.03829337030333592,0.011477716619456343,0.18734232349758226,0.019041659185523245
44,0.09013103962373115,0.007449739844589541,0.08598458191124417,0.05011908361384797,0.004389567783968783,0.07420802435763671,0.005028364676580973,0.1100835057074328,0.08612690311701131,0.07014588477040971,0.04254009701698845,0.004391685872569705,0.07611010035043791,0.011059094759743954,0.004540729787866793,0.020854902117127917,0.07441515718665782,0.12547217065599497,0.008523032284972226,0.04842633456118712
45,0.01718221860367268,0.01846590673597017,0.03294756376354803,0.014806375459670104,0.010649046035496594,0.004334982435114166,0.017901097768813868,0.02541505439797572,0.1406530716313689,0.0843622927068131,0.0356658175048599,0.008705869108107509,0.05405121612166172,0.01844179661637624,0.03750916339748968,0.047049587413321034,0.007183615147787572,0.0986825209672407,0.29624289766194606,0.029749906522766226
46,0.007617123899977403,0.017146406472018507,0.03648939563443133,0.05219651599863488,0.013261743208019263,0.004314826590342889,0.013211058515508856,0.04588163750889552,0.1512641132793632,0.058216395433130015,0.03452994500361884,0.07224486419085936,0.00521487836691761,0.05921582880147142,0.1481984032428562,0.03309602075667817,0.17470017452207098,0.04545552491019448,0.013236972283286505,0.014508171381724524
47,0.06705100665281871,0.02204689927520147,0.08852501633749982,0.23567948887009607,0.008077758589272375,0.009275406459180022,0.09704074387893563,0.0031502751410995527,0.006558634406302468,0.021644491215693822,0.022263368710649305,0.13999331023224562,0.031222068207271456,0.010794007985053164,0.002455758790128276,0.08764147830346132,0.040197642542661,0.003447882028557673,0.03134266540730373,0.07159209696656853
48,0.08766849482212724,0.08442024074471123,0.061404946510433225,0.0492875580060445,0.01127189264835209,0.051728136908669134,0.051224082452476706,0.01599830930873063,0.007909448542401066,0.0027472510566567206,0.05176026517494486,0.005993991304844935,0.01759081700705097,0.02827088914714426,0.003974202647402268,0.22818103251234675,0.07966140674069201,0.04954334933513153,0.005834740956407939,0.10552894417343191
49,0.03838061839082283,0.015146689258461627,0.008207279798604876,0.06503300931873253,0.05937950583712363,0.04286339482877137,0.006017507563813802,0.10977222451395433,0.02995441114175243,0.10923886113551284,0.08954550037877684,0.020329528583266535,0.003635131236348282,0.02421667850511522,0.0521823562613268,0.056923694843506394,0.10370122425566963,0.05650862521869434,0.020542782095577018,0.08842097683416869
50,0.13831489624386736,0.03943878108210268,0.010955883630782025,0.04109247531390608,0.009460755283252848,0.09762778971276057,0.027657473058495606,0.0764587254181211,0.054721858524680714,0.08976882600397479,0.05766005217112323,0.07802534080520836,0.06751704310444172,0.00714063876227074,0.003995700506971755,0.04468840333447817,0.0701835481989187,0.046477386181971475,0.026346884934580542,0.01246753772809153
51,0.0022014927446343674,0.018622323771771466,0.0071500835378646545,0.0393227928304496,0.011423487406273572,0.0033439187000014227,0.18208608569804519,0.12918294403193206,0.0037521125280292637,0.1208766522795536,0.03594513830807862,0.09077280731751519,0.03432121371278275,0.026846605038575014,0.011277941598276305,0.024550475740156463,0.07280922947838052,0.11625108698358985,0.01991228215701848,0.0493513261370716
52,0.05217991867918337,0.033003320864178363,0.015030919119325586,0.017540600529005353,0.03477691997845962,0.020775551539955882,0.13361919151125953,0.10291352410991508,0.12332020776744274,0.11149346980052335,0.05016812704449696,0.038348173443123953,0.05270318004758524,0.09507137206964056,0.00357927496780988,0.007550361569262802,0.07604372462689428,0.016012627570174024,0.010872584063216647,0.004996950698546802
53,0.07679067488119924,0.05033216045082917,0.11718827706696493,0.0071848538096200305,0.07619997984395369,0.00305572169977357,0.0181251675726218,0.005198844098578961,0.04360584167367529,0.14492753181820323,0.026638311120691684,0.008474262972475746,0.006025860637869686,0.039722570781032064,0.10805193205379382,0.11721848179458114,0.004286667098233014,0.07333159255661197,0.03974300232275199,0.03389826574653901
54,0.08816586434915727,0.18603490604322204,0.03733018239899351,0.017436239219085697,0.02635598375779516,0.008615996516214227,0.01192816488936314,0.008408863480890252,0.13286338161777397,0.11075380387521229,0.030751052795728127,0.010540357583690993,0.06378409075931273,0.013304012228303384,0.035724431899317566,0.06629361514294331,0.009566914150562789,0.0066552424149132604,0.015485352196186778,0.12000154468133353
55,0.11899700599830812,0.02634689128282462,0.009689926481421734,0.05171672444487691,0.00768332253218081,0.019702643875053175,0.017408461892836208,0.012704908826699435,0.1886890796019128,0.01312424454211569,0.08259906029634981,0.04459204036897022,0.01573615230133797,0.02220971546620452,0.028334793041434603,0.05602161488683665,0.14394488978593487,0.054608059035428334,0.054929826239212595,0.030960639100060916
56,0.10233241859539072,0.004009677053306322,0.04256848482777657,0.024390103698450665,0.02549546314409121,0.1419575551419343,0.14930569265987834,0.024730732461928927,0.03274026469510792,0.04949654756783601,0.017828209605096786,0.03991297744895024,0.04722309887362345,0.00904795477699994,0.0036840302518490924,0.07665436958135924,0.043597364949986527,0.03709388814508786,0.08457247002558471,0.043358696495761184
57,0.09429380969708877,0.04562349762374944,0.020920479000888403,0.05253909096106371,0.053490296675752814,0.01874221694509491,0.07992924410360949,0.04995294783125945,0.052087898868047385,0.04112344006118814,0.052953942662228165,0.06143272286525174,0.04742549730026432,0.057516122799631864,0.05227330792403246,0.04906953020754579,0.046048960189290514,0.04425596880880077,0.04629917385084751,0.03402185162436427
58,0.019660429440850807,0.051085701081971704,0.044635087872890215,0.055251289191041005,0.04861848385110578,0.05964826586437473,0.046239850602850775,0.049027196116454425,0.04954314899836116,0.036776387726736415,0.049526691219942964,0.049133879781836864,0.04183882840680168,0.05016889582024294,0.045323044660237316,0.05043624614946465,0.04023351767014105,0.12146086906114203,0.04589686564186345,0.04549532084169
59,0.05532677997367,0.048497784905871456,0.056262147389200344,0.12574942528851774,0.051103131431074145,0.045455153724860205,0.04502366280217276,0.03957587629375506,0.006644793664685569,0.05009682496491768,0.04682487972053725,0.05167932748541763,0.050481104183714834,0.04647183553012223,0.033937062500210086,0.048122616574484245,0.04725620481765524,0.04418477056522059,0.05527134772387093,0.05203527046004202
60,0.02240570394672751,0.05336416623555148,0.050301139083800024,0.050287653581399555,0.06950616540738319,0.04368854448305987,0.09367209715165582,0.047532482620827154,0.04411328983175904,0.04310069769339141,0.050972447461611156,0.04838329508394949,0.053357305830549186,0.048942603982664507,0.031257312839327756,0.014612373389062834,0.13748844982001532,0.010556896657773663,0.04337242482407048,0.043084950075420514
61,0.014991505302831677,0.026328884156289683,0.057444259346794715,0.05510887688985522,0.12901999575286607,0.14240910034598628,0.04936296017988761,0.03021846333692917,0.0050498987242689865,0.03434268589290463,0.09181681742148068,0.04946679719944202,0.05396308475976856,0.05027457276104278,0.028258563067936292,0.050040765638387524,0.052831980652450435,0.003753271975667319,0.045369345679629115,0.029948170915581267
62,0.02051412094376812,0.029811171897692133,0.0593501224928355,0.05087007229374212,0.15074244048306587,0.043006689095860876,0.05429642135521068,0.008225201783341123,0.010951869775060104,0.15769831631869904,0.1281930017715456,0.04788808763552355,0.04285267279753063,0.011769881260835382,0.010348455381257187,0.02480147719559411,0.005852514218354915,0.036181633512204096,0.04284683577857551,0.06379901400930348
63,0.041727124026925716,0.006446810778369715,0.006620955108625258,0.09381778346379979,0.023650042354689916,0.033680045918327156,0.008132721344259892,0.0392036168742205,0.09681172251746985,0.004751455779428832,0.2209009845768076,0.04198991164650662,0.09765536000085344,0.020188845771200864,0.09026603825554187,0.04959900297762296,0.07167299235849696,0.014950583031304166,0.01573739726492864,0.022196605950620243
64,0.015447089393841918,0.04416095916251515,0.017514872341368084,0.2654931271899233,0.029486208489567487,0.03973290735571227,0.021522758059490898,0.028197149322551348,0.09857746161866533,0.025664634848831833,0.04390736433231777,0.015740555154262422,0.008117158722685274,0.09278594789927357,0.015093585092118406,0.010417243304580898,0.01320100824449892,0.1512495362676986,0.03285607659782305,0.030834356602273516
65,0.002125028344202985,0.006998026588628427,0.02200953518118501,0.2408427196830719,0.07483511554033524,0.11482320556567988,0.017490637552505264,0.009213596498982674,0.017262820791458793,0.05845930934310881,0.11161254630562385,0.002817356433510028,0.0013066539449534222,0.008749566106552684,0.011137393452675295,0.05563329583963802,0.16308727593241312,0.04439494107186308,0.008773118588061204,0.028427857235550323
66,0.06561697041455887,0.04611738514510548,0.04974412331508713,0.04484412281016162,0.015492926114845974,0.011410646223147828,0.13870966856465292,0.04044709394102247,0.018569893018417286,0.031256401506349826,0.037419660352902,0.049081377958240455,0.03733192818101565,0.022361385210182043,0.02545836227453419,0.09810622247439657,0.008130062898643575,0.1304836263223229,0.052175547113405364,0.07724259616100783
67,0.09219619490308681,0.012652829593386492,0.035323652713098896,0.10027491987883404,0.04727834782543038,0.009798376446646866,0.04315812086600839,0.004553451530918016,0.03673968275042348,0.006342296390396582,0.02109756857410351,0.10322596635697641,0.006737338871391714,0.03571111338891965,0.20945826604619389,0.0771412101319016,0.11305471695269415,0.005064019258749418,0.02570160174942192,0.01449032577141786
68,0.008111344481790461,0.025276106699499108,0.015637077052528262,0.028146601434659333,0.023907236103349657,0.021736947029331367,0.010909022491884544,0.17564979345278076,0.11558928488436593,0.045866888324735226,0.08096035107793689,0.011529214381008152,0.08116206648736429,0.026594943626877574,0.19047581983703887,0.015504898436285343,0.00962804914100831,0.06296521307986297,0.0257273972791468,0.024621744698546142
69,0.014427254472013599,0.033411119658742924,0.026363480374276594,0.026175080712042536,0.01826008180226616,0.08505567568436993,0.016669489360791434,0.05764247315062381,0.021410374896021794,0.011944827314166427,0.029564514190340355,0.08878799588740023,0.009331025289276873,0.1469294677820744,0.028372041963160694,0.004786801114385031,0.020438045209200284,0.08915005439974313,0.24383264167341154,0.02744755506569224
70,0.11369374358751402,0.03641678928971675,0.03663709758337574,0.005048656072506591,0.021875216269682907,0.010974904335650272,0.026970725512610313,0.08063286754251514,0.020564091394346076,0.044085430079551506,0.04472452549483919,0.02246088346761922,0.003985266604532957,0.012600941769110327,0.10999960080639505,0.06285914664492157,0.1122649010483082,0.18381003999109574,0.03350056733334422,0.016894605172364185
71,0.02773745621102347,0.01944403811865335,0.014900278334133295,0.07731890870282943,0.10123876721663883,0.04124056839166037,0.012342863980034821,0.039610790772331615,0.05174894507128347,0.006407772889340653,0.038752843387174205,0.1410826113482348,0.08017453347675724,0.012154618578372571,0.05187463889203507,0.06493956084591031,0.1388788580346395,0.016644468812200178,0.03825498877546227,0.025252488161284524
72,0.00471407053112952,0.019159179119522758,0.18696045550056875,0.03264641245126213,0.02232702014438312,0.06851953265309059,0.063632893040128,0.022620435692664365,0.01231604865476654,0.012557188377531699,0.03869477276316146,0.1624668918693322,0.09988410318781837,0.013796849481376943,0.027937501259412276,0.029570227765364734,0.017799671025946436,0.023946964842192973,0.12271974630233265,0.01773003533801449
73,0.07863543583460968,0.02885030856156551,0.05517784157563579,0.01029157607719699,0.037962924254588845,0.009364254195315032,0.02251414734580489,0.17443752240336063,0.006700453800578734,0.03811667377683906,0.17898259297818456,0.03886980360049242,0.021231826649261296,0.010906404947946265,0.007242128253937823,0.04667183868754165,0.05682204751397854,0.12371065696701815,0.022077723492025685,0.03143383908411843
74,0.08202306173550006,0.22903410087498646,0.09015435294001954,0.01072173970220929,0.09370052494567435,0.09946825672937362,0.021154024585280224,0.005742238468208393,0.009868026756138683,0.096890397003492,0.019630076766544203,0.04250698298263082,0.009876971542534078,0.006150742799951063,0.022162472771887563,0.01981354374311106,0.059303102604599436,0.010174520347693419,0.02548124788273238,0.04614361481743333
75,0.028739247332939453,0.06883428617230596,0.004260951494210245,0.011354091180592597,0.0035205092853533015,0.004805323241110324,0.03421019204663582,0.13578406396175005,0.003822479876184745,0.1252996564178493,0.017262768239990532,0.03143430454435052,0.08552257351883459,0.008346710805693974,0.021894600551542305,0.19665207075811705,0.056565678066503186,0.13256944430212275,0.023850221046559143,0.005270827157354153
76,0.048023473264535245,0.06661688476696233,0.01247395966715308,0.008472029612779538,0.05678223883030392,0.009469444242280429,0.04253464159776838,0.007493129067657833,0.008420363173614819,0.06742323142121372,0.15288626477305053,0.008649701927760012,0.15790720443026757,0.05433106142750131,0.01410008170711481,0.047982660022808245,0.0030120032882949947,0.09405944322486426,0.12772731593481756,0.01163486761925142
77,0.06659672904162299,0.015799071200071742,0.11362648950191667,0.01799894429997078,0.13708419597940982,0.006981985520977167,0.007197170684151004,0.11057969797368948,0.0066548237063999835,0.0571713982725761,0.12533559001708522,0.09001193313748065,0.0020001324546474928,0.006080936547752773,0.028492058322474714,0.057239093158500384,0.09430955412364567,0.0026002100228281425,0.01608333381917412,0.03815665221562507
78,0.007475898981403871,0.04641239688742136,0.21681242711905924,0.11485871387786029,0.015466423055101075,0.01948818208816378,0.01980028979200178,0.027518409097468707,0.03562425714340455,0.03316541141717931,0.02963504450609254,0.057853915762677253,0.020221459381746704,0.034134577284415824,0.10182354491113474,0.012809454073990372,0.0184981995922928,0.010059885798630945,0.04085595721958034,0.1374855520103745
79,0.03572412346562004,0.029198633009044215,0.0414876276776799,0.017791632809278056,0.10285010815659222,0.07374002627481978,0.04970798497790987,0.040596316796699915,0.03033327784038292,0.1461143376187737,0.08277648498251725,0.0256611305028524,0.026355445775517006,0.04906349520323727,0.026054866920983362,0.04370033666296628,0.05513968323075515,0.028649084322689804,0.053248427513418,0.04180697625826289
80,0.16806201447872768,0.00235071418576856,0.020933818173559056,0.019121784392998765,0.02342776180176412,0.07287737296893922,0.10313736836368016,0.049098910344823415,0.004374942320947792,0.02485080874532222,0.04098057231941221,0.041454449851479586,0.02587800016074124,0.039092826378834065,0.04090582143396238,0.05431523885353544,0.008378084042584567,0.08262787455840657,0.11476174328596844,0.06336989333854454
81,0.049144694013283106,0.01860556045275455,0.008580773716320532,0.061636274184371814,0.031129428854147392,0.046770706650759816,0.0042883650957378575,0.00344053653493036,0.003121712811159174,0.06397911398582322,0.1366850322579291,0.04194758201482456,0.052956132553625454,0.2227296950793083,0.013617409762998425,0.05125077154110738,0.11245254587375528,0.010780085990072893,0.005961195762078238,0.06092238286501255
82,0.010004413683746528,0.04139540309723209,0.010100074315850322,0.020346569832437125,0.12427227281682231,0.021194912084902002,0.05181482440741011,0.03892973620737428,0.009609554545275829,0.20493935274380015,0.08249933532118468,0.05310631739823001,0.02072896623309647,0.06926784597866055,0.025282172420381,0.021523350568153545,0.03172350903677734,0.02401107498324361,0.01889329438727922,0.12035701993814285
83,0.04331589468826067,0.08990772101183132,0.004082150185234211,0.14844319365228104,0.006316369393145066,0.03544181982644213,0.0036753004406426216,0.011580805676898922,0.10585837345525992,0.07046551080461053,0.09275734776242213,0.04135145874821583,0.07000410059644017,0.016957076605550448,0.06552164794658645,0.09690238787339732,0.004046039712958718,0.060331532449610085,0.024433818841627833,0.008607450328584653
84,0.0025469074677326098,0.1344979762535486,0.011853864493943739,0.03521203710710182,0.1194149266038206,0.04321141571485545,0.005555869936490795,0.07578085375594518,0.03651369441395362,0.0790544397368388,0.061422878990803016,0.016522172998494872,0.05491619631502116,0.007342887115926058,0.02971707184053151,0.06200048116250097,0.03298071490314753,0.017655079888367276,0.02983131826631634,0.14396921303466
85,0.1639935274977043,0.0998696835140619,0.0914130810428701,0.006164881451005773,0.068256896365359,0.008375261873647136,0.005709396763615285,0.09206570025494466,0.047784457113675,0.02770436546596026,0.040344145943987234,0.07167928913773668,0.02578398233565365,0.016707443475513294,0.027107399777582992,0.08248405047380195,0.023508602954531176,0.03575295602253188,0.02597357579092605,0.03932130274489165
86,0.02682700720082366,0.045779342179529274,0.02574730298820566,0.0049070443319610925,0.010945605644403463,0.04483753056394954,0.004626123428658898,0.10033678189435324,0.060291093664920345,0.11047733617924736,0.07643538416672088,0.008701440468602184,0.02698098626561129,0.0031972958735009003,0.06216587967835888,0.0909557903868349,0.03177900364206662,0.1036873185412966,0.1228636804765089,0.03845805242444629
87,0.006954211167898229,0.032397759529866926,0.04800092971798054,0.05360446586456127,0.04449713106162037,0.021040123510901485,0.1770519887398518,0.03437389792136383,0.20301328791580556,0.026332210968245055,0.08616788942205855,0.016068844718294086,0.00235680353126252,0.029969997954809254,0.0016014021836282854,0.15704311199868753,0.02435421917510226,0.011369700443729218,0.017793342223612243,0.006008681950721025
88,0.01759117202659234,0.051349287433269435,0.04950917757976221,0.005268795383667933,0.07383218851062875,0.07285188909343426,0.2781351862111815,0.050976705428061826,0.08596527635050297,0.038753853834672745,0.01948763175276971,0.08984950784612868,0.00529900776721548,0.03305491904236715,0.02820183765049436,0.013280122300603738,0.007984494023747063,0.014473922033357388,0.054283374986025215,0.009851650745517306
89,0.01673705261963804,0.05078763118869396,0.02199041968949276,0.012442172811202227,0.03204093014250526,0.10643330008476694,0.02626674687505473,0.06198200964414068,0.05967137714965065,0.02579724926309416,0.25963076385267747,0.03170730083753867,0.005626734219549216,0.0439588129142794,0.017980761426145776,0.06831396454890401,0.030622040984691564,0.1065440430320257,0.009747206839252658,0.011719481876696136
90,0.016809075744188176,0.05569808842821119,0.057579894252082285,0.0031653648996220014,0.045524687814727856,0.06430484716309358,0.004222177428743931,0.07968692344749392,0.049581635358958126,0.09396509493297979,0.033093790214931966,0.020911814038576657,0.10884184488665938,0.004507231555123224,0.017325311517025575,0.08308704410398828,0.04752059138180677,0.1661545298679977,0.042411833968442496,0.005608218995347138
91,0.0075961466060861255,0.04983118195485857,0.03691517105317513,0.12737085896649236,0.03475220704383276,0.023916188761156504,0.007861036747063968,0.008402932533769699,0.04972541279644273,0.003024001261516344,0.023115662503226102,0.020473478711910367,0.054096371793858906,0.07740873262011973,0.0033092613762387914,0.15330352891823754,0.06060926643629184,0.07324555868632378,0.03222458366557882,0.1528184175638199
92,0.042522760323309323,0.029399850472130448,0.05381592449113954,0.12083146924170769,0.034467597279162786,0.049665665892691765,0.08897354531427974,0.012948138782023066,0.06989547007938142,0.006538159155568392,0.04220626919141811,0.006393057161621062,0.08318626122415053,0.10720159048710413,0.008770240589642117,0.07337198586490343,0.00784450636542291,0.005433548878078314,0.04121628915618216,0.11531767005008307
93,0.02375440014428231,0.038452062657966794,0.02933563509882627,0.037655550299070875,0.37272872470257046,0.013677613740739369,0.016128946528172962,0.048133690266824854,0.021692089715921993,0.025676751786993957,0.031286321765162904,0.02104457071217221,0.09620069568988286,0.025064659075543425,0.018416222861213128,0.04778550588129526,0.02052201148752372,0.010884510139580012,0.03024200795864592,0.07131802948761068
94,0.043852123537360524,0.00545752476327661,0.04729457255129197,0.14901229917369033,0.021812011383255475,0.006217577099358138,0.0406501080186313,0.06241404279447861,0.052837229484971535,0.002669014873919788,0.017612093870289534,0.08660832451123912,0.012692828732516499,0.07668303747842589,0.0017363476101434116,0.06524681511045556,0.0916266342719458,0.10260303992604343,0.019055646987278053,0.09391872782142846
95,0.006530254983974524,0.05284512222745434,0.030068539529540136,0.011415871262694065,0.014462571227896905,0.0069475911253132705,0.009489238930305737,0.030310167430354314,0.09991564494792121,0.004959299721033497,0.16460768215738505,0.04555220690213959,0.02481085951777067,0.008985483241019186,0.06270173695647255,0.14891158690664785,0.010686219411319045,0.22989827050116957,0.022251452774556243,0.014650200245032238
96,0.01181945357412004,0.021124473183498596,0.02514341559370456,0.009931689871928164,0.01729595774480688,0.0060374756472730325,0.018191745230984865,0.09406616847919781,0.01768630043699265,0.0197188541701042,0.04396323786338114,0.17513380842907766,0.13466304199390133,0.026546194467721,0.023367671258481933,0.08841392026597741,0.007742769367639542,0.038530019031780854,0.20642179345483,0.014202009934598294
97,0.07063469911052146,0.03681200690483022,0.03660718081697526,0.058487770616298736,0.0333756671735071,0.016563367713777664,0.12258724470021488,0.03255995216441245,0.043994187055598696,0.0018640345390543117,0.028719002799270307,0.08248162253008844,0.010069619111426334,0.0076427634721190005,0.05727149720251087,0.2069860879218118,0.002234183480236205,0.008301869051616614,0.015744042571360965,0.1270632010643687
98,0.007704800865681922,0.013172468480607855,0.04713394762002064,0.03923243790889473,0.005926426109049415,0.09685325872283035,0.08437353441619942,0.05246552464045362,0.008291554108195012,0.00330218319216918,0.010296285002464307,0.15143699870619234,0.003247763371383561,0.12652130298803685,0.0032801881922624146,0.14850739841468227,0.045963830723526666,0.07397459723981083,0.01756922181914606,0.06074627747839255
99,0.06246828931748743,0.013315041964111532,0.08671996726496811,0.012893836865817994,0.13083735753673686,0.024117076396945183,0.007121227175741795,0.06370330664642608,0.06602995077097615,0.14652911292809276,0.03406349776776029,0.04532499151040034,0.04642909991580242,0.0560609554257204,0.03738215526324815,0.04729810577981289,0.047057444171936705,0.007762079129738629,0.014608567814869744,0.05027793635340656
100,0.0033902723485160534,0.039607307203194025,0.026268084460193974,0.012812286364233285,0.01571083474566163,0.06132068259902885,0.1686255620765315,0.12833647734154183,0.04675063926346598,0.12882130650689866,0.15089011834035226,0.010170168056526898,0.03761042385621755,0.00903097456751235,0.0023697981330980714,0.003418113654995733,0.07156415344755349,0.017474460058966995,0.041584392765387716,0.02424394421012313
101,0.09465452112670371,0.046359270269347476,0.018862926266600674,0.035366624678913425,0.04372974498686414,0.006566626758375995,0.006328974300591247,0.39510036423823175,0.010449325467610805,0.018337622874470473,0.02813688801682485,0.055830497562778726,0.004185097995536259,0.02372298390776565,0.0061249656934442365,0.004621609746753883,0.004170103967432878,0.11347257265983685,0.053780480412070016,0.030198799069846956
102,0.07312229423115492,0.025628946640910415,0.0469095220749437,0.039824741553930156,0.02289590200826461,0.1515310369701337,0.05198348139607246,0.005870824127442092,0.25756116748036406,0.0030527305818279665,0.05297523726798901,0.059972407961957755,0.016757863624136764,0.04970950833302534,0.0013581556005155533,0.04604587030922841,0.027749805133220957,0.010774063896847421,0.045298957770525436,0.010977483037509263
103,0.09281455935640492,0.03417656690492463,0.15669181688483713,0.016135591242661413,0.07057878725864022,0.012525091919821608,0.014750282829185443,0.014684411789433279,0.017148695949478356,0.0065506325640011295,0.15594728275598083,0.08198619955806648,0.009674196653256754,0.06456142703840606,0.04944752278606518,0.03389646890809982,0.04452485948641429,0.004939297166965768,0.014805962330526444,0.10416034661683027
104,0.12899310590527738,0.10193949531888345,0.028662159788488385,0.012394375223620538,0.08480200381026405,0.06000126589597385,0.012293283863709962,0.15576156876600813,0.011356953213446177,0.03915169233968105,0.13989330877844325,0.03404569352263613,0.006527302346537832,0.007688286798977373,0.0056481543900323275,0.008610769721588096,0.02408398516476581,0.04093016493004372,0.08866836161496335,0.008548068606659185
105,0.0890282160754434,0.024579433059709645,0.04973394761758838,0.03250885853889925,0.009526916016598927,0.01163179404979357,0.12426968569375321,0.04324154398556546,0.007138594028626747,0.034139850172462,0.019842492906777677,0.11608395495485829,0.01724787261050662,0.11452782475685085,0.06704332276113897,0.06648278479378768,0.043367805585312814,0.029464938042444756,0.04951819424888296,0.050621970100998816
106,0.07542654944832101,0.09562794200318765,0.035264381633809565,0.0070035143890095465,0.11176419469507637,0.0641562296211545,0.10613480760707289,0.07521618431093645,0.02677464162766448,0.0019353850209442545,0.03968649393097414,0.0016597122531087475,0.0021930136324483022,0.04607848536724113,0.03015947119963508,0.07717731032808321,0.06804192761961247,0.06932399921529599,0.05616203424023354,0.01021372185619068
107,0.10830141989805536,0.12826206757685613,0.16364731642216526,0.018631068694627044,0.01890051500763061,0.07061666842274542,0.08013193311506835,0.006764164124627126,0.013186964704893663,0.0664052802542995,0.049329433738970294,0.12092746780493553,0.024665675013329794,0.017899732616952477,0.0037171925231862814,0.059125256072263516,0.006023339614565935,0.0048156921343083,0.030042412913998767,0.008606399346520603
108,0.14758365805259618,0.02036081565591589,0.008912381136582376,0.008318848631909952,0.06078930156946178,0.04385807853231423,0.042128094260992115,0.13268000663026258,0.0036953298574750677,0.010674349629818843,0.14864119527157182,0.005577124724956729,0.005445109288579494,0.01805702453799898,0.00576311886059778,0.06084153103493031,0.05219406302678688,0.16486624460848298,0.01326516823089396,0.046348556457872135
109,0.006559947068923077,0.017169289687373045,0.019597342016115973,0.024996244398079463,0.007161818354667644,0.007058747376306885,0.008326734318528027,0.15595941234651067,0.009821897779221489,0.004887401995424804,0.011261237986218548,0.048585560134508515,0.055195570061052544,0.2839950426158617,0.02364060776935752,0.01175626117697858,0.058599414388077344,0.150568580979581,0.030789745663649535,0.06406914388356366
110,0.02191160570607748,0.005308768712801074,0.09352052563724751,0.10341595706176886,0.038863767660316184,0.05750212417034409,0.007189716246165188,0.04859207886453671,0.11447423537445482,0.040870519651131886,0.014041878272451387,0.10073353355812302,0.002216011814502356,0.025743394799634042,0.004694896325737576,0.1047300283048794,0.14572677650119173,0.004861472037138956,0.057955465227721346,0.007647244073776404
111,0.07785949782850574,0.009814195486588084,0.006470454990711762,0.010823924812006563,0.00994959654694253,0.005978935434168814,0.10815454322839992,0.09939230259092512,0.024464681472635554,0.11409503909530418,0.07450588169051249,0.16731420235103503,0.014782411114743411,0.08703021334481867,0.0034231839125267124,0.0034206224871292617,0.06831319281860872,0.062359448813108745,0.03600813856277469,0.01583953341855401
112,0.04008311574777933,0.03598379576051393,0.02058864439555509,0.015859779403626657,0.0138004791273221,0.03971964017807723,0.010133985601348183,0.0099159337360428,0.018627343317367862,0.10542627089521643,0.01639077905774975,0.015347590926004292,0.008200221009973063,0.019597518659819433,0.048761700508840544,0.1708573949100761,0.007803358187378096,0.12615435259610658,0.2186636518771138,0.05808444410408872
113,0.058342303748964375,0.006902804376247671,0.13864622542310615,0.03851037900794101,0.09127495275092097,0.016743390102486592,0.03009955070031382,0.017703693749879013,0.007077867050414653,0.04724147912417586,0.015843170954258256,0.27246855470561115,0.0024799864558555052,0.009003066232000848,0.005052803205203601,0.018300833212810313,0.002682756164759641,0.059687156616820586,0.14991529583360558,0.012023730584624474
114,0.10492134726353707,0.012289058293915914,0.03236869568516105,0.14898407863115706,0.006529366992350279,0.014462890253256975,0.041381558745197305,0.07470120622077464,0.019889441909432353,0.05848889423564942,0.02418098497597333,0.06387109976672843,0.004457038841056537,0.10476046860752063,0.019964063045372973,0.027620502272019013,0.09979539331246062,0.004896333570191451,0.02398287266733251,0.11245470471091237
115,0.10736004795204171,0.03034865702901854,0.08488171691756342,0.07377927816928465,0.0055103370837027415,0.1146814128780014,0.025437602532052385,0.007302362020121336,0.007340942974387457,0.005622378392448666,0.03758723489063165,0.011949039686406962,0.003968472376814168,0.18542910368961724,0.07900154349427271,0.0651500687195602,0.055893814280428805,0.04940430328977743,0.041259116410211925,0.008092567213656601
116,0.00715344581431133,0.014247351145820954,0.013674313429857886,0.016734549771569997,0.10377713482085962,0.020696076973503702,0.021955487776047004,0.03803279478986489,0.025529448927587805,0.10486136741886548,0.27369972453737923,0.010790987185529663,0.023204235882580155,0.009316863143289047,0.0444845510459823,0.004655082241583433,0.056517307946752214,0.18012432619631435,0.016487111801772304,0.014057839150528684
117,0.048650637172847046,0.041268783333791796,0.0968961457432606,0.11958174193475055,0.012981516938430113,0.02245234861601964,0.007020618999818843,0.010062693005148613,0.10521103919092718,0.002764625514977653,0.13563919773720917,0.015787620704402427,0.0032552227205372274,0.03952204834851121,0.011962304833716006,0.13475748622167785,0.1317631776225289,0.008691681507648165,0.04474131986118675,0.006989789992610312
118,0.08233142767269769,0.003574583778091501,0.015652113756237984,0.10641794554168504,0.034827999465933485,0.08748355907852293,0.0041103196392936305,0.05063988536328859,0.022547756098542534,0.02791884894578656,0.022719031635053438,0.0767535901835602,0.13570918710975785,0.10233537657039221,0.09246385205624791,0.0625275559061952,0.03546331047937636,0.0175729741732151,0.010414162934088695,0.00853651961203306
119,0.00446884077667572,0.17863932974073837,0.057011531465893585,0.045084951339710085,0.13979634397030885,0.02957034488169669,0.025153096167587877,0.03699926494192437,0.019609668441926693,0.050826175131065375,0.019401228560950202,0.1309002497167491,0.0660176447503439,0.011371730731850011,0.04270838260726042,0.0022954650864938776,0.00550278845554189,0.005493877266964638,0.028036428477096177,0.1011126574892222
120,0.19762254974161286,0.017464002564201702,0.011453382706817991,0.1396217152946693,0.01663853600563179,0.008698490174304328,0.010383122136976296,0.16779271761129042,0.012388992554585693,0.004298014954021401,0.021850946083349084,0.013204060457934267,0.0028689152971607614,0.01275961224778967,0.008513113186817743,0.004200741625638029,0.015984289633339897,0.21915025596620086,0.019978626274574515,0.09512791548308344
121,0.005025614943246906,0.007853322802036137,0.010326445167408016,0.06999767737513948,0.05788529545842722,0.004712296659245653,0.0674822068999911,0.0035918813497428552,0.10089737295507961,0.03941557004138614,0.021435015645040544,0.10228022685837186,0.10710505442834777,0.047713434957693875,0.08789238033196473,0.07917581208116078,0.1224584448555463,0.04453696066204816,0.015794158650852482,0.004420827877270386
122,0.004698439642144145,0.20907582110470352,0.10572209753315223,0.03614298193931609,0.10191475492792934,0.008813865498480275,0.019767364154155087,0.058643877741620165,0.016494853550339125,0.24320628043652417,0.047898481683867206,0.011866697489169119,0.008206316448721617,0.013042224111491628,0.00548417797152063,0.03866138392550057,0.016163642058508624,0.005464004641813935,0.035717924635603124,0.013014810505439366
123,0.01300617949005599,0.03380317968872504,0.010497898757558483,0.02145379197899444,0.10833790797110128,0.009360883034251742,0.020750734416045937,0.09504213050159867,0.025665647972384097,0.12058524453552007,0.031385559641446965,0.05111456266398088,0.036905139279192034,0.07109427484558961,0.054056739789162,0.0289089340855282,0.10209286184216815,0.12774825853213598,0.02288467603545393,0.015305394939106586
124,0.028202824447832387,0.038297141921175566,0.02473760212146832,0.009804339654265084,0.054248543098934135,0.005319195134569244,0.0234046013879365,0.016829522091423275,0.012624706582538768,0.035377531721780694,0.02770526178360542,0.17016151950121253,0.15205739294598897,0.12762319255049848,0.04647208685490304,0.07584086862980809,0.03273214450013788,0.020061874942342926,0.05210683718785113,0.04639281294172756
125,0.01219745479106194,0.01668700163624948,0.19867303204071662,0.015576860410115276,0.04779895617059878,0.008479077248790663,0.011017602403535977,0.03152849411279236,0.011262622129847626,0.2420799077898568,0.01838694368480426,0.03878836252529316,0.020625793845951725,0.020636632062357697,0.029790841258771787,0.03141220735821482,0.11222041932684201,0.07787428565274188,0.03710421121383653,0.017859294337620544
126,0.0702961199660673,0.21533460166945342,0.011169556986050764,0.03140620242617326,0.07891656458712104,0.03618562141971096,0.009513349487319115,0.12210003277769495,0.012174078477042034,0.0546120762467557,0.04359999264456435,0.01749109744203141,0.011091699430475584,0.016582105107379612,0.03975091265655355,0.06426397516773172,0.08098502685663268,0.011971141971281647,0.019234304380644083,0.053321540299316836
127,0.0941456951917161,0.052521731723636,0.06052205864329087,0.04132573432397465,0.054248817577379586,0.11654166360744514,0.008048508738846823,0.05956053790966181,0.014242671815463771,0.012079827892933801,0.019402917293445177,0.010886393411900694,0.12656662876101593,0.011394262209756378,0.08464229966410139,0.01049583258320597,0.014806397342907405,0.1610279883261503,0.024239963855337474,0.02330006912783068
128,0.011957292679248645,0.005862869437455766,0.008648936963502898,0.023539283461261908,0.009961988530450225,0.10231049146955735,0.2302696754211514,0.06841961568687946,0.02678054654712422,0.08415366939670399,0.03345261937727184,0.026344171059054827,0.006435062664814333,0.007802641771440989,0.032327345064056365,0.044676094353451684,0.10957246581501504,0.06783675558011372,0.019923466184778228,0.07972500853666717
