site,A,C,D,E,F,G,H,I,K,L,M,N,P,Q,R,S,T,V,W,Y
32,0.0505147152422258,0.0807256530256671,0.026683412479159063,0.1907305578245564,0.025591336622874265,0.09161802233718283,0.005450902591395464,0.009666026752036238,0.008430044892999793,0.010181472456640667,0.03346639049604764,0.02665935515396173,0.089210703283788,0.04075391332609943,0.08624701657763588,0.03677635933897113,0.015944163446777324,0.018175068754738552,0.12903843208496693,0.024136453312275742
33,0.030308685253901898,0.049795286251428886,0.03734388127993683,0.05983685878676265,0.009778902243189036,0.07955569344066095,0.015073850090704353,0.008980166266289205,0.05293521537585552,0.03544467297481847,0.01872714630211421,0.094092339448049,0.05121973189793661,0.09176548354244764,0.08158025257989121,0.11179530203168934,0.08013522588244436,0.018691680713698963,0.0500078114842939,0.022931814153887006
34,0.021481178742216948,0.014807577922489924,0.02403796362859977,0.06645774558863367,0.048400515192774385,0.02222837671781771,0.01489894803814242,0.005694645119689041,0.0403944912968907,0.07784648054679391,0.0776871167233785,0.004445847398301211,0.0037002710502609913,0.017335560725768723,0.09741290513618991,0.05339356267560205,0.07799153250202819,0.06413538623407619,0.10565090973897376,0.161998985021372
35,0.06173204810067579,0.054357803359459944,0.04258763461924872,0.03146103306916875,0.027913384172000254,0.008148302973385722,0.01286701035484879,0.008167224837260198,0.01260227269041645,0.029940364478939694,0.07480208568571672,0.01409018969793404,0.021746604475974006,0.08887382985510435,0.09156665780081144,0.0056952589439326845,0.057721626514232426,0.006306867001445312,0.14951817501627596,0.19990162635316877
36,0.16829864350860585,0.01957585146376612,0.046483058413654244,0.03349561948659417,0.03693274203767595,0.042772873623943775,0.011704614165176729,0.07890662089759934,0.012806543104864558,0.007792481937083138,0.023693044634984103,0.0433839654139484,0.0735079308257193,0.011721564121088188,0.014158565935593137,0.031012002897553865,0.049835572008879,0.22214524361532784,0.0402389439025421,0.03153411800540019
37,0.05352136798191975,0.026065338963033396,0.016989413979152296,0.017081342831078684,0.011487856812879352,0.06524818407275357,0.010400591469194823,0.07115271205124353,0.05282573454454544,0.02677411906670972,0.05003914155507269,0.07540604412947038,0.03470747695514308,0.04144835270868859,0.007620790353774,0.14205165904930855,0.1666693859888288,0.05003933208376564,0.030566453894271872,0.04990470150916587
38,0.015833129447194075,0.04229593497206206,0.025376742696808022,0.004948349054291595,0.06173995682062447,0.01298290308513789,0.02285192531367926,0.22905399718211944,0.0053969541890952644,0.02598564900133135,0.035111767636588236,0.049202626779827625,0.026652822574471033,0.018811243557849914,0.017105151644732888,0.0312031675486531,0.03310605201708526,0.1467015545115435,0.1107588919482186,0.08488118001868639
39,0.0028319936116398387,0.024640324011943413,0.00623543670399665,0.00871099092692107,0.4208011755501494,0.04331884816993684,0.048096109114992555,0.01678277008061374,0.01704673410027301,0.0023152839654467655,0.021482401811898665,0.034812176620422006,0.026363462455868184,0.005833956263237719,0.07116272546299252,0.03343486140015823,0.02977017800299677,0.016067490195411562,0.04782793226251349,0.12246514928858757
40,0.004942155427990304,0.0834920843217272,0.02700445956178582,0.10631436693569546,0.0862826780896204,0.004908881022110002,0.032123723216606094,0.04665522034566492,0.012759047673885329,0.003323086055733117,0.03386806570363664,0.14631349417155956,0.020290986960044964,0.01273559648373256,0.005327243159198455,0.04923890026089085,0.027489123243382357,0.006136907873573745,0.12894148617168877,0.16185249332147356
41,0.009429120866315848,0.013098349591028006,0.04858575298958737,0.04659441436937415,0.009357931411849929,0.23434144647208022,0.01204149534670151,0.16315888072903323,0.05861757263355302,0.0132818198790518,0.011926947637566274,0.007124034336971311,0.04216958999173462,0.014177447237151853,0.04827099977154915,0.07623370121596607,0.03359506825735881,0.040690693231961256,0.0641967587231669,0.05310797530799867
42,0.041113456123726334,0.023331965268065954,0.013451225127333223,0.06424478141246445,0.020283465078016153,0.033431938323779414,0.01550527182568897,0.0764273824205097,0.015084229990825915,0.06989622912305365,0.033369284145200684,0.048853310189885334,0.10123549756538454,0.018613940087582867,0.07580726696633856,0.008607663348735202,0.04722082252127968,0.24041182720942794,0.01783588377121139,0.03527455950149
43,0.06569538175201778,0.014628212206588321,0.06694255976801201,0.02163433036396209,0.020821665838874286,0.007937605725666432,0.045238976587559175,0.03625367047972499,0.04716056449615065,0.047859555853457615,0.02219374314756197,0.009890662910691208,0.23225111086168904,0.024039958140849856,0.057011108223194495,0.0668810177101454,0.06477656709648322,0.010797115178385372,0.10348733773369945,0.03449885592528669
44,0.07204596482933431,0.03404610613293753,0.046265709715529575,0.029486158338426223,0.020062628513961036,0.06970393654683926,0.017685755491135827,0.1458530569055702,0.10565102779634059,0.049800927440004104,0.03652459963298044,0.04281471813509792,0.03958145827443434,0.033628157173163226,0.01202238657238696,0.014150694474575497,0.054823606135502856,0.14085599663675435,0.008274096154975326,0.026723015100050422
45,0.04277414198292213,0.01238170008138366,0.02238196072108842,0.012060120803628945,0.05506514286417942,0.01585151729191802,0.013751533776366946,0.015024790797216178,0.09363692078483823,0.07692621751520048,0.024227004128176324,0.0077203552561645825,0.05254662283899053,0.05020490623488428,0.041020678014003074,0.03837202282107377,0.006123742201921666,0.0524857245155426,0.22792978429144622,0.13951511307905456
46,0.04170550908565003,0.01171232596330389,0.03819084590870945,0.0555284026830932,0.01740797292503246,0.029952421657170304,0.05711871540831634,0.03838566963773884,0.12376638666836443,0.04888483723210439,0.02568618992332724,0.046261072089109484,0.004213542784882739,0.11424598446010276,0.10892837883083392,0.045011455866614494,0.12100991829221813,0.04354950865536329,0.011390007246259031,0.017050854681805585
47,0.044353056664501234,0.014206877876943372,0.12168075617583807,0.20752591278203222,0.03648148551738407,0.013430257896513816,0.05508450301259122,0.004668995268948862,0.025304710972710316,0.01599199079030616,0.02751098090145696,0.10845535557562282,0.07465631282369842,0.027516083469251582,0.007511702123572211,0.0648218958920577,0.04989823066156801,0.02499570178389178,0.02634429434582331,0.04956089546528794
48,0.08572528641542373,0.14982606824356723,0.03919530114909593,0.07497834032024021,0.018322658154743154,0.06926977805117268,0.039988006777709945,0.033895013426398134,0.020920656080828767,0.00879986650655863,0.06727564315513426,0.010597411768348103,0.010675204517918311,0.017599108669152912,0.0027809944193029294,0.14471568542318392,0.09076055815552062,0.05136485221888479,0.008343573871323772,0.054965992675492
49,0.08367337716590087,0.023036276253723714,0.054881940629018085,0.08069663477750202,0.04669865824052917,0.05913499210074745,0.004704726202617195,0.06041217822989482,0.040519049800776974,0.08080507991859875,0.0495104684028614,0.013418747369727401,0.005700202177785878,0.016990721244725962,0.061645208889752126,0.04760483250977825,0.10646547820174997,0.0480809134252861,0.055734323539521166,0.060286190919502686
50,0.1549730453478056,0.023773381665788924,0.007572004700775764,0.029579021135749048,0.01829979590601491,0.06862117104740562,0.01549508574694219,0.1475741926783244,0.04444270212478808,0.053760010536231397,0.04581693122793629,0.059352847268948905,0.09148954273113752,0.007187708870535142,0.023553413761389103,0.04802770604240039,0.07704394299023531,0.025099699446993442,0.024784134329828355,0.03355366244076968
51,0.04705903959422912,0.012911491251763819,0.045243139640511736,0.043021534020785304,0.023114726557805235,0.01827517868912442,0.10164118026199347,0.09907352452914073,0.0033787206369131793,0.07052201113560863,0.04543333155952291,0.09413879890649504,0.06715776104990479,0.06164806112221328,0.015673730358054673,0.035821694424510914,0.06857362681078846,0.08271996309793286,0.018906417315220005,0.045686069037481465
52,0.037435021621370176,0.026031614358541767,0.028611812176466876,0.01717200082883894,0.023979371670097345,0.024138555854456283,0.07381647532201925,0.1864834278862856,0.07224346880629721,0.18083426168871708,0.03727666988978229,0.025410093820071547,0.049315917479092974,0.05547689704896596,0.006528501847462696,0.026767530892062925,0.0469408913189147,0.04341436639789207,0.02326099295667238,0.014862128135991973
53,0.04532417515712284,0.05051210380551355,0.07723058843648528,0.012609361037029504,0.1358583255445881,0.03063613370833772,0.027180475801382546,0.017175355588687036,0.030045323698821208,0.12303531569375555,0.036162413954524186,0.023642261131802615,0.007366351966419859,0.03840414506253367,0.05779219654860312,0.10920356237651896,0.008399977048192167,0.06301212288137814,0.03734552640157668,0.06906428415672733
54,0.06504707803109776,0.1842308853366108,0.043065276341759676,0.014880612381240842,0.03746499303930935,0.03526964146660625,0.013525238706967672,0.007698014191660817,0.07352255960132177,0.057283870572650775,0.12313462181690199,0.008894294309842328,0.08654994406902955,0.012803083314202796,0.04179855227051037,0.06185900356752341,0.006962882466772884,0.020378304017100543,0.013465445872052461,0.0921656986268379
55,0.13246778713651114,0.02575645767728437,0.02490314536313052,0.050795102928920505,0.014591091970855346,0.027772596555919855,0.0504041778441061,0.022252001686482177,0.14565838547206328,0.019584181596186145,0.05640352967135591,0.03290354466718734,0.013691509552501712,0.019714671179350433,0.017093748193740346,0.0770506039411474,0.13851737308643547,0.06273017748127042,0.04705871581300622,0.020651198182545294
56,0.07926126975399217,0.06842805547074199,0.034143994368514514,0.02823607017332353,0.03989458781668846,0.075817443612141,0.09753937952263293,0.020707593013533157,0.040970927572940116,0.042800512746031305,0.030221348691120073,0.027803970192478752,0.035762502562676615,0.011583360675960837,0.007298747907059053,0.11292623161285976,0.06659264518391772,0.08879840002794323,0.05485895060913444,0.03635400848631035
57,0.07527859598731437,0.047682186639645685,0.048480015792954224,0.05003936864288942,0.050476093549067555,0.04317600506196012,0.062382741386724075,0.04722179660267223,0.04693441573939297,0.04124634615573149,0.05280462344660414,0.0774244053404864,0.04753463195313852,0.05240133811255311,0.04815900579713783,0.04613642348062431,0.045235188552374204,0.0476651504702925,0.04727315728114095,0.02244851000729585
58,0.02434005724793812,0.05094096365910193,0.048263903344260436,0.05456164074399631,0.0470086892253376,0.05407579896717208,0.05143722271037013,0.059488224895845425,0.046908312805050645,0.04419360829394389,0.04877667940987615,0.04845926998105082,0.03406933395409317,0.04153498573344059,0.04698680061373074,0.04545911161050743,0.05172259547218202,0.10830179679022908,0.046638756518910834,0.046832248022962555
59,0.05524028354610308,0.05041997041610142,0.05156858728396778,0.09268099889783678,0.049225503617836994,0.04651422792174002,0.04984207255812027,0.039449100942141144,0.013489904217856197,0.02623963707733126,0.0460263052215326,0.06867560915395732,0.050795480576781925,0.047360788216770505,0.06624585527459907,0.05132211846722913,0.04411787705739047,0.04464505418596671,0.054547306422580356,0.051593318944156974
60,0.0322879118877728,0.05297345037452117,0.05102939946349684,0.04921205502313914,0.059057689697762865,0.06257104173340172,0.07171109512676319,0.048961849046607345,0.045993006853291545,0.07568782890092099,0.05073719483427168,0.04925962268615275,0.060260827740717386,0.04570981407407129,0.03332627873000529,0.009810043673151279,0.09247933276925872,0.03065092296792694,0.03937503330090572,0.038905601115861305
61,0.031320340864148345,0.03814646529425486,0.05271891341089651,0.043458059805448035,0.08650527815814149,0.09123627548239124,0.06290568585420575,0.035889303300445694,0.027527792752098143,0.07283188360816693,0.05789189321325756,0.04432395000097471,0.04922563187455888,0.08001099888047356,0.030911549818599088,0.028974179701580675,0.049616344806147274,0.03770814497348812,0.04855081557243397,0.030246492628289205
62,0.03713086674790269,0.01903116464132814,0.057797979996330275,0.04837051374096984,0.14713997778444593,0.07296888917175134,0.04585860562474381,0.01442894158848853,0.012054851784131515,0.08053019280296705,0.08175559063027554,0.11620679715927157,0.02604012664452928,0.025932309717040657,0.0412966589169687,0.028522987327955003,0.006725539764361499,0.05756880654134232,0.0326358764490854,0.04800332296611094
63,0.04278179938415695,0.0063842337556804084,0.03599170844688648,0.07161698896525043,0.02236710779128806,0.03891676358640739,0.11455820040883125,0.03893615227985313,0.04962201713964398,0.013735938192185075,0.1609853060180218,0.03832417521305442,0.06551407221950784,0.03006957141215335,0.06213719384372612,0.03478858125011293,0.06023708131764652,0.022057375676935536,0.011464100764348185,0.07951163233431013
64,0.037051422163836424,0.032773878556582335,0.03353391887528313,0.18491993004521634,0.023716109894132278,0.03410340652632024,0.018283744562210436,0.018466683236938907,0.11734323710110213,0.034430555413901456,0.03904747063311215,0.14475242106200178,0.010146824338825786,0.06620425786543345,0.017281854529158123,0.018710735868169057,0.00896139633843702,0.08103397788960907,0.026034684825024156,0.05320349027470573
65,0.023383297484675148,0.006511562757438149,0.013821412014736155,0.16728837571526917,0.048520534977513435,0.07023932187299561,0.025046646766916064,0.009354526482630141,0.04989193733472638,0.05005431559112101,0.0895191572717435,0.023800466951147285,0.02616539877361199,0.04578335951073208,0.022964541466619855,0.06111377717392005,0.10955586757343755,0.05479691345385518,0.015455833856150923,0.0867327529707603
66,0.058503037922973136,0.037321509826496166,0.05059809534024405,0.09261967954997766,0.02053664037078206,0.010791722549152944,0.14429285994878221,0.03232193709989183,0.023887490932067258,0.031188318835187967,0.036864680539863845,0.04694834745583354,0.03718220402767464,0.018856592192316227,0.040011695029579436,0.07320987950699215,0.049525878763044116,0.07098748150136495,0.05691707438915636,0.06743487421861943
67,0.05077078756617969,0.02080168641988472,0.04313422851902629,0.10436888167591726,0.028504243077652265,0.009912444935311578,0.03148347006761733,0.021424868584182726,0.023858336683364685,0.01990312682559549,0.015982640687583434,0.12428453212927605,0.04235242033148204,0.04243483720824104,0.1611768792162745,0.05696537363500828,0.11585672158243991,0.00951908562612277,0.03363554461222176,0.04362989061661822
68,0.007146681375316232,0.02815873423935273,0.014107991550002924,0.028316615768142664,0.017137108316980457,0.03776068863122949,0.04236868975072694,0.15380072246261628,0.06282710200831422,0.08043624237737582,0.05193321721548086,0.12557907571442645,0.04282562817788712,0.02260564546974267,0.09715706267798019,0.009866496262624175,0.008128672948250124,0.10394894937366674,0.05023025135362361,0.015664424326260317
69,0.011622900065886555,0.032244645377066325,0.021693492297063736,0.019617557272275335,0.05347110999199167,0.0487633691331338,0.014863981704161713,0.0906202731139885,0.013935026646634407,0.08669579164326877,0.06795418792379715,0.04986344222941208,0.01803396489847321,0.0838908416941196,0.03411252606055888,0.01170268322934968,0.013474213005165766,0.07017741006784117,0.2156276075374618,0.04163497610834983
70,0.08810279695003273,0.03213518392468473,0.0640126506830428,0.012835552715713794,0.024836854743033585,0.021571401726171287,0.06176927849250642,0.04888258698895382,0.013879682690714832,0.04581385878088656,0.05007101927333678,0.021543099484935924,0.009201156769407717,0.02916833989470365,0.06518078236892035,0.047802398534782305,0.11315158737161315,0.18339585491382077,0.036175223730321136,0.030470689962417738
71,0.03256908125685921,0.02212944639608211,0.013166888449922363,0.08239210860458099,0.05972478612208456,0.07214863644517167,0.01698839784384107,0.035552278169216384,0.07247109152780071,0.027652564721468695,0.027617745785669383,0.08424538175725499,0.06940747607312098,0.014919629428021042,0.03137105358834507,0.04501554946309281,0.15112128952713633,0.08351062655747965,0.038516903591522086,0.0194790646913299
72,0.0159526822209896,0.04985796783101937,0.10390527170103998,0.02496851801629775,0.021537296795042304,0.07153632413934248,0.09039232124260921,0.018011859925633783,0.019414587642629516,0.008098281431147205,0.08884885966765177,0.12766088833392633,0.06364039754494658,0.08290995487046754,0.06708622382461552,0.01631378960046019,0.013743994529394694,0.02564096699914574,0.07007182261539882,0.02040799106824163
73,0.08816113454497386,0.037173688468264986,0.06232806575222369,0.021107202535712303,0.04200056866153498,0.007337484758660794,0.02470011848471996,0.11164832088730302,0.018728437724316486,0.06820295336469867,0.10487086218672857,0.030948358189089635,0.021002118778843247,0.034935040275371684,0.01407800133507402,0.03935268606519156,0.041549564501790745,0.0969916649943954,0.02127920679238028,0.11360452169872609
74,0.0775038478064411,0.24174077900942972,0.08233350976079393,0.017468560160051282,0.08751066199403254,0.07129098955936826,0.051982087982423146,0.005683363743871201,0.009236738371262147,0.056674293639965796,0.02711803088436944,0.02724671958313338,0.006675170365964792,0.025684629348345752,0.02561988763400931,0.03191860446434382,0.05579970399118575,0.009011439168886663,0.027982922493349084,0.0615180600387729
75,0.03476864111067069,0.049844326753624546,0.038671036315467255,0.012160064247383355,0.014307710872990638,0.008510035550475813,0.058140105409988256,0.13631189132270777,0.004362644539809353,0.09582726258234342,0.04354577469930046,0.04253619983233127,0.04834106457812189,0.0058646641472621065,0.015935527067787253,0.13193768857977453,0.10045493288326754,0.12197041495036101,0.022361549500012498,0.014148465056320307
76,0.05800215515665427,0.03769411579561242,0.020795349199281228,0.007959494132130762,0.07831775463037305,0.048862455545906125,0.05021374208376812,0.007529909971467856,0.009285421052394842,0.08970058939475556,0.154768765763966,0.009070108340215863,0.15513186061214823,0.029645038919278742,0.018517350412077888,0.05894251685695032,0.002657275072343497,0.04933288581013347,0.10339938276581134,0.010173828484730378
77,0.04977698739044089,0.01981409284981793,0.05930809496076714,0.011317993977351651,0.07268025361807624,0.055782459781785615,0.024452061319907892,0.11943833443299318,0.009959365492387795,0.04080063177972416,0.09933333391521977,0.055445001549565255,0.023980244885759852,0.10189646926783186,0.02382072421003795,0.04651561109770708,0.11038816662479303,0.04154917301743903,0.012379118894416431,0.02136188093397723
78,0.03094726805644156,0.04636831065935434,0.15207641229307214,0.10033303489989914,0.01427865514036362,0.016232288682660315,0.01963701929755067,0.06953042370948799,0.04197914812283822,0.019477981492897384,0.03519422374176681,0.10567490567722432,0.012723537197209346,0.054797078232411034,0.05173572200826131,0.008811604001507259,0.012901654070632094,0.015148425195766735,0.03719947176048805,0.1549528357601676
79,0.051733449860070224,0.02759087218972292,0.031880106858751006,0.031211597446699543,0.1295331794947757,0.041373203496192154,0.04985408544374263,0.030651115945210212,0.03484643463352338,0.10006551788246457,0.06605703105944843,0.021067435305520167,0.09871997548402417,0.0444486273581481,0.017934604457765332,0.060490710012494356,0.05223577436256249,0.02396122323618456,0.050925866301867226,0.035419189170832865
80,0.10449229878318049,0.01660465911827671,0.026140544995780033,0.013650910083550436,0.07712720497343936,0.04707426464411556,0.06293773530854826,0.04247454618426039,0.016560551191155286,0.035790669119444694,0.08155209136758258,0.06425529065739535,0.027729963839653662,0.021097729076451133,0.043204202486324526,0.06406654944717721,0.01044551832810275,0.053732328915384174,0.11169659415699315,0.07936634732318425
81,0.03977758605260998,0.08028945393405441,0.03000819902665353,0.07871633218348047,0.017130010612734628,0.02487867985319252,0.0073892635911206265,0.014006258802307797,0.03624438664476721,0.03902717861881903,0.1314211316467971,0.022521181659745853,0.05700237580602789,0.15674404031231998,0.014471851302834772,0.044366046299063225,0.08371383393711945,0.040819822000907856,0.01709807587733838,0.06437429183810525
82,0.029290857009770865,0.027643269596597665,0.03246612954504834,0.012887291322999754,0.10440235709488106,0.016850362062577867,0.07371096259997711,0.06875287968740951,0.01270112960711389,0.175568367422148,0.053630771559837954,0.05543775845855123,0.011137856047987824,0.07265212042546695,0.02571773740200563,0.03818066624191634,0.031178717633253764,0.04564317138208637,0.03711778729146839,0.07502980760890149
83,0.06371443042473802,0.04901139751582001,0.06491447096345201,0.1672333312647225,0.006127745749365629,0.034958926326462886,0.004127273653316342,0.015062659719043081,0.09629345150381187,0.04651141117645996,0.07013907015538855,0.02387257415819143,0.06688412844183908,0.051735691923163504,0.03414732560645014,0.08433821936066313,0.003544140393540358,0.03202005567745413,0.021679257629737596,0.0636844383563798
84,0.039344920298558586,0.07681328676286908,0.012787168044942464,0.04198898660134143,0.10555544291063373,0.028774172999106805,0.018844125998475927,0.07968429025434277,0.025813644924115968,0.10271219678168253,0.05730169190773676,0.010119421713225467,0.04493679609304752,0.06930540868259928,0.05115569140191258,0.036902206362130784,0.04752770554158428,0.023234953337086334,0.0383247426547799,0.08887314672982775
85,0.10542500494132456,0.06153402224146071,0.06643839391060724,0.008421218511566842,0.042271110750473205,0.046378282679775125,0.05494764612390508,0.09989377467257499,0.04653049905096711,0.0252706764951895,0.03022612622963855,0.06458643085886331,0.041417761687890214,0.07815990116318458,0.03520964350024571,0.047878924589670926,0.029798220291232455,0.05334921203199896,0.020415272668913898,0.041847877600517
86,0.014639272325605374,0.06179857359272917,0.08771955897837312,0.004955043542203416,0.03332700219950276,0.042466310056094095,0.006136501338010545,0.10815407095867072,0.045386607725577746,0.12378879549711722,0.09014864638483172,0.02678113055103305,0.015098934305177798,0.006387513879673932,0.038290671282714656,0.0587929367669363,0.029367957598589498,0.08113855305546243,0.10327024016082495,0.022351679800871486
87,0.01491089108494538,0.03355137103157643,0.04298744464859461,0.05190699877248689,0.03448754662086676,0.01905899022202747,0.11266951598120711,0.026398927676875128,0.22127972977977686,0.04283087620263583,0.11506587699037336,0.03154842071362041,0.0055897274423759,0.037895960841323295,0.010480745155331267,0.09646926574841341,0.052435719039356066,0.022758234286964392,0.022008402362605435,0.0056653553986440305
88,0.06695853837334864,0.02969240266398711,0.061129213290535146,0.008669251435613931,0.04740511901963684,0.04095260341309036,0.20003052451230222,0.045855162463278865,0.11435978271395902,0.04221058593439738,0.06946254854219415,0.09187993325644042,0.005010361718348383,0.02003179608872268,0.0517619693519799,0.01605968769135621,0.01484296266795801,0.011318914196706373,0.04715124307574779,0.015217399590396637
89,0.027160106836073963,0.02847894112156497,0.020992327307377115,0.05264845070277312,0.023421574021824924,0.08765815352208738,0.04519086299752053,0.05965468397392353,0.034140123815520944,0.04905048890652723,0.26075384902363996,0.03437178314694304,0.00461329772833558,0.03506919494924722,0.013805188641103932,0.036258356718597666,0.026547574262948688,0.12946488771965137,0.011058623289908438,0.01966153131443052
90,0.037086148449803014,0.08814652346994302,0.03640325063557701,0.020921905154627243,0.0708789856954759,0.04724985735641339,0.027544122797740253,0.0907813586874624,0.03860541035607917,0.05980347081196483,0.01990534113638341,0.026540160788161318,0.06703545105359966,0.05223405649503837,0.04875716929004355,0.050179936197250107,0.04332923357080531,0.10396275520684775,0.042371395882272324,0.028263466964512013
91,0.037338509161081355,0.029389909143453442,0.04400928598984254,0.13683236337874122,0.08324523941672857,0.026397411938020327,0.040626596381129136,0.007353705932670034,0.07273161705661577,0.004121095893724705,0.040220090022142614,0.014848414641105595,0.030522950599819826,0.05824196147174106,0.004609020555588766,0.10311074381918618,0.07438546031698885,0.07882024393045159,0.03227160454349195,0.08092377580747648
92,0.04335026400292994,0.022184416251078688,0.04642704144402002,0.09366871412263902,0.023734897133277446,0.030539691884464443,0.0465289012344837,0.08156383113417512,0.09030078950525472,0.012352880701041418,0.04962803309881602,0.05672830502796985,0.043369034171948616,0.07665268003175398,0.036773870380676234,0.05420649730256124,0.04467684535345152,0.05213398294270555,0.03155272718783532,0.0636265970889171
93,0.08714420341186874,0.030491787569071897,0.0284939730079046,0.030717963610511365,0.3461932506870615,0.013688589525281755,0.01645554428606602,0.040826357541680944,0.017653427277255395,0.03370617883312281,0.030500433077824143,0.020555162978963374,0.06704434309104015,0.019374404606580933,0.03717362854976375,0.05288326572127325,0.01789094787828286,0.010361460582526367,0.028402950293800126,0.07044212747012005
94,0.049860512747334856,0.021320538676168038,0.11610036213819011,0.07917343044794109,0.0233988292271025,0.02376140514763806,0.0350858467081846,0.09459074751678123,0.04567495306205076,0.02501802472552267,0.017919865856240003,0.08647816816859684,0.007361773981673268,0.053044244611934244,0.0051432708675027555,0.059981401742441265,0.06817213565022931,0.05362174591338741,0.019288115519951934,0.11500462729112909
95,0.006354209730267438,0.12464643262212419,0.01875505008369991,0.012084276799613474,0.04973390593269538,0.012213020481903016,0.007504848709135787,0.05632253299613506,0.10661438917375418,0.03491082918587693,0.13830524722843568,0.034484273269096685,0.013902669677280929,0.06042986058218326,0.032851400518828254,0.0931891524472026,0.021528572444111806,0.12625902186123164,0.014824047118930136,0.03508625913749366
96,0.009044742128579718,0.025300946772466283,0.0214997411945615,0.011928813150135992,0.01721211610433905,0.014628217831714377,0.028860871366758717,0.05035171991766358,0.025626329944434457,0.017937769919295465,0.10996227934869324,0.12846688155914043,0.06992677890544666,0.01865010756049409,0.030706900961390848,0.06865728234213729,0.019297201395494557,0.02231496934560117,0.17423293808401127,0.13539339216764124
97,0.03868391649360728,0.034606125601244195,0.0633807621491544,0.12223130134027164,0.018340458226622197,0.017232080826258767,0.06330347454378983,0.01786040531009232,0.04387239176001689,0.011503344810032788,0.035496391010264354,0.057772394769156465,0.005632011947316905,0.006122787384156802,0.04028351297235507,0.13159488270686467,0.051264718046919185,0.04616124810612691,0.01426621916111035,0.180391572834639
98,0.010933251226140825,0.02718855038748631,0.040261213969715506,0.03574412409529586,0.005626325553845809,0.0873668527553478,0.07537885465375048,0.07743300362585821,0.02098207190129674,0.00790151765281591,0.019987418623567867,0.13740990495978056,0.004595225461186809,0.06617520172189215,0.010998863821695026,0.14236002512098975,0.02468615291391722,0.11677128315177332,0.026521403123106673,0.061678755280537206
99,0.04067116621018032,0.015564859563137468,0.09005326827191422,0.03961453190968657,0.09119112570636784,0.030632552078662403,0.015583091602994138,0.05070368351936322,0.05364894871149578,0.09850931220938025,0.022421177634877686,0.06038016154486081,0.05905609557073079,0.033759165570683446,0.027938866844152768,0.04536638606923702,0.07814225601968623,0.0412138993527842,0.01858774138809323,0.0869617102217116
100,0.0034830288351244713,0.02337653063634766,0.016577497646147257,0.062174188402780176,0.03587753927792392,0.03291606214639399,0.10060334221507443,0.1447388991415436,0.054467646287171885,0.1786271917622999,0.13898988716558147,0.02819443772207321,0.03599922481522462,0.009636749122730872,0.0024213002226980904,0.009493422742239499,0.03849008120001322,0.02165781867607086,0.024887932952200657,0.037387219030360186
101,0.08951112905864125,0.03822860975885198,0.06434565070199386,0.05034591789838558,0.025738630725640452,0.03424944675312534,0.0062006779770966075,0.3549182762453384,0.00955803585993827,0.013037634179614913,0.03367057961315196,0.06087952563460097,0.009358544331636458,0.016802131933970527,0.004314795711731655,0.004830384023969352,0.010416863378387854,0.10125817584783213,0.036004371236161056,0.03633061912993141
102,0.04278945002052772,0.017983791965493212,0.05195226338658342,0.06079642896816161,0.014240685754527565,0.1280208474408572,0.04485816661988881,0.011937482815067506,0.2397760288145308,0.004140348931491123,0.04383401264268118,0.046761986295144616,0.03370290138762239,0.052318770110432,0.020866258844058266,0.04089607157855747,0.019768476463373576,0.026642379730510785,0.03168786430111076,0.06702578392938001
103,0.06678652112891179,0.06144468338677539,0.11581929660307319,0.036526970213044616,0.03990102155417596,0.011203704001625504,0.030513056142038503,0.03406535033082225,0.017134327360288186,0.01256226130457264,0.08319900185615972,0.11793652197892932,0.008687131213713036,0.09583463964219734,0.03721877250962581,0.054552142737237345,0.0514223336103754,0.015721210677700527,0.040873937858986596,0.0685971158897469
104,0.09567504509939831,0.06288003512329676,0.025442275423484532,0.015194704355976444,0.05763924928057696,0.03480167331827001,0.011196137461262795,0.1937019389249357,0.029762654994010887,0.03860798870192531,0.17572658928529444,0.023044433970446063,0.005374973251382033,0.062081065810287925,0.00816914723447872,0.007817999985781688,0.03218044355616264,0.04486708555463316,0.05308312803517072,0.022753430633224922
105,0.07020179838150026,0.026967103500917827,0.03192155182244048,0.029859902672017647,0.012622136421348719,0.054097771687070646,0.13671679090620553,0.024584923950075766,0.009047516105310975,0.06938738825800245,0.021582509978826332,0.10249837901789063,0.01562694967254498,0.07463258555317223,0.07327042607674067,0.04678278995963438,0.03912389160398537,0.02852466749434536,0.032303970953879046,0.10024694598409067
106,0.07397978405455888,0.049556336793283626,0.05441201049874092,0.026558838580571918,0.10091172130208742,0.0535810364159647,0.06945194920873697,0.060479017949751426,0.059620325547002875,0.03948155771016842,0.07561690355630274,0.00596759088600006,0.003918062059450363,0.06499604249467317,0.03427942396286322,0.07520888865508518,0.05626115060287663,0.048541444600220224,0.040192595481263194,0.006985319640398075
107,0.07955794988926249,0.06994762648097409,0.20801127578153367,0.017924297044966786,0.024459395220924822,0.05671873194627668,0.05485894679261069,0.03466884185299199,0.012728462485772536,0.049898971058912014,0.033798815532355364,0.12693519231352335,0.047612161341532275,0.03471795360703631,0.0036961263879889887,0.059740039632327796,0.03379067051588571,0.0055505483062434635,0.023772934676874878,0.021611059132006023
108,0.13195831884350212,0.05717473418572008,0.007756231522623159,0.00692196599729171,0.052784056810477376,0.02948350711972477,0.025252621645215783,0.11276789167014183,0.010772926418128798,0.02789982673242674,0.12276858862009968,0.004401136169549486,0.006050081077757211,0.011319963325115028,0.011399667797198306,0.049107179517353126,0.06510361320946609,0.2093996273987024,0.01025771171543102,0.047420350224075314
109,0.017306711470259008,0.015259234236740327,0.014359308270200178,0.02248353266024484,0.005234275446763692,0.0193497138654488,0.018106410950705698,0.1252297933623416,0.038815189916381394,0.017885019556046895,0.01074620502909421,0.05528649138389466,0.04214435242912086,0.21717660777051728,0.024875719369239546,0.012043277081833476,0.1123257128854464,0.12795118690815968,0.06513031312355042,0.03829094428401108
110,0.024361306450210347,0.0049748255725860875,0.05702651196848488,0.07772903140800926,0.027184075478121676,0.05738730577531845,0.02950907249370844,0.04834954030476464,0.08120944838703643,0.031032697660416518,0.009689927690096042,0.10625659085287183,0.0024945399954104767,0.03882980628636007,0.007472838184968404,0.10381337230136352,0.10299834457956031,0.055348224856326886,0.10514775419061036,0.02918478556377536
111,0.06846816429590544,0.010233616187211046,0.010556028897071957,0.011855374813953209,0.017563422010099854,0.06826611315225214,0.061097243416567124,0.06838406688625959,0.01672295669527225,0.12716677384118252,0.12982152244901998,0.09031261093404634,0.014623333124275878,0.05763336222644433,0.0035899746899702503,0.06563670482718556,0.03647293142300322,0.05826010323349619,0.028691990925454377,0.05464370597132879
112,0.0251199188956197,0.029454970873538218,0.015952962020820964,0.01612897038852569,0.014639285751755084,0.024639305538742898,0.024884979130619475,0.05701260914060633,0.028675930737216415,0.09083009691413009,0.023888606497977496,0.03747539041610098,0.011746101152940884,0.022144939709154026,0.03966183203968654,0.08856502115051929,0.029482269025717156,0.11429900715629271,0.23623783049699665,0.0691599729630394
113,0.04289763475548627,0.0068516729832058774,0.12106845372155664,0.04358563256429651,0.0781727169483314,0.016644272188573714,0.030714353091885707,0.014362939194356366,0.03049051745644043,0.037611818424300975,0.012851318003745199,0.21843641130967462,0.0023146601733578247,0.07474951582658475,0.010460305711351578,0.028665995063104743,0.040387456953842715,0.07008999989977292,0.09345965050187954,0.026184675228252255
114,0.10588733216069189,0.01339566477449735,0.02399240826323724,0.1074363093415387,0.00748890217941969,0.016542436020528548,0.02856857157909023,0.041782182345027154,0.03571448075387816,0.058050763201986585,0.05560925299369199,0.03527793881944265,0.009813668936171572,0.11165573817362306,0.019553517862187855,0.08892562821917825,0.08298971963416811,0.043376201295225646,0.017302854223377975,0.0966364292230373
115,0.1356281718899644,0.02463234891581214,0.0855216185645424,0.07731768585987439,0.008306609869777364,0.12322441197935237,0.01947960063914501,0.006738536556923795,0.009994877301016758,0.004851284567275186,0.028234057726308263,0.029458994651348942,0.02383066231748701,0.13618396319878867,0.05637966985472979,0.10299474204386556,0.04818977196464141,0.043179874931320375,0.027482441957944283,0.008370675209881861
116,0.016118315446376888,0.014924168454417814,0.018748384816651517,0.02617362966136468,0.10719015064189642,0.013953527403151225,0.034498550090285456,0.07505116422403024,0.019690873329148564,0.10863693514768068,0.21128430913207458,0.01617265542955335,0.029975317833624747,0.019967532554325138,0.023673743410267675,0.006842622178661608,0.09350546783562207,0.11340482579480671,0.03183215259286639,0.018355674023194272
117,0.06524870552126287,0.025736850978490374,0.06375365195561662,0.0808757588348276,0.013298086404225196,0.023093143021916222,0.02506080069464403,0.012898630391512622,0.1171762013805041,0.03496263745778043,0.12272442772220024,0.015089972481882197,0.0033801029269829586,0.06279354114337421,0.07488768747479815,0.08869925297830403,0.09546787844795046,0.007195443350097441,0.03390828355891575,0.03374894327471451
118,0.10659440688506551,0.02268981764767044,0.012089081986219306,0.11765730686372215,0.023423774929087406,0.07067009891410507,0.020329690815338853,0.027505276575307557,0.013466648194188791,0.025693376517746162,0.05046391245497967,0.04639560334568377,0.14975792167017288,0.09384215633948287,0.06861701614629931,0.06203580740836524,0.04804487950500807,0.016603391494693254,0.014689167814905486,0.009430664491958226
119,0.004880021671909958,0.16492296314561988,0.0933805674038994,0.07253305499759258,0.08985828244773289,0.022830001914609918,0.014869590392560859,0.033063009184674086,0.034337229694445116,0.038399911000972564,0.08038937042760809,0.08694381188813338,0.04088976465894934,0.010591026282878238,0.03503232489291478,0.01410040108869644,0.018837501303843467,0.023585736925008413,0.046406460437716825,0.07414897024023373
120,0.13639829470888956,0.013052835027734053,0.01799990567048691,0.0809040442406358,0.0785515519650629,0.005901439130117264,0.021519194351602173,0.12531993194819108,0.02574921196458013,0.017805489261140263,0.06620961894113839,0.04590305503833944,0.022067881932797843,0.022013385237720007,0.021754086487319538,0.016889250717116513,0.03035310122422328,0.1802352081554973,0.02100427719436803,0.05036823680303956
121,0.05197442961733802,0.0375330918646058,0.024939554971668852,0.08647796848400438,0.030710425732958326,0.014745660925557036,0.04674223988681464,0.013303896290780225,0.09612157959672948,0.045027482093861135,0.018278277651500533,0.07771751764884118,0.05455309606955648,0.03986438626664891,0.08967554542681871,0.056517400886789054,0.09196580620491644,0.05770328279440319,0.062060153371292906,0.004088204214914679
122,0.005148239991864412,0.10969325613071516,0.06086979593500394,0.04990888550809054,0.06900809983101633,0.030730571204799554,0.027402056437280387,0.0520036860705239,0.0424313923068624,0.21474723729885575,0.1334459294838714,0.011134950897522682,0.011958875358953644,0.0130902685186855,0.03269904270050951,0.061022082323753404,0.023190465420211106,0.013278222883531688,0.02733115552840331,0.01090578616954534
123,0.02452470033363874,0.02908804565731214,0.010562674042427986,0.037287097475709984,0.06253147040332967,0.007600104321434422,0.018287229888281173,0.07067905181016362,0.017423114180450092,0.06420906000660556,0.024164120950420843,0.13141805344991705,0.02818021779071389,0.08670033405784894,0.02881306126604818,0.04173766089021155,0.1119137961898567,0.1529949262981517,0.03582087113205651,0.01606440985542129
124,0.04981064193639865,0.029556861005856194,0.019913163422240324,0.0140542128867766,0.0343279619086945,0.006682905045955003,0.05432896972946261,0.014931458815595908,0.01169384031877884,0.04847668525624707,0.03144293388064193,0.19629302758337724,0.15278707954316922,0.0765557797440117,0.027802081352680023,0.11359678934928807,0.027708047588868627,0.018061813317237455,0.041958821722146364,0.030016925592573587
125,0.049462590412606096,0.017394411215502233,0.10831237200396107,0.06472735994610426,0.05176063152000292,0.007913059028002016,0.04514160656488192,0.039229965643034714,0.01339472093857185,0.22389152633722015,0.02491475115631068,0.04223742290755506,0.02119668900361006,0.018295408737159805,0.0375273551867542,0.018369740239915076,0.06181312976729285,0.10299256697176398,0.033681355999729934,0.01774333642002108
126,0.1254745975505719,0.1724711169923162,0.008352361823405974,0.02068773155120851,0.04210481562043995,0.030180840153970954,0.07043747129282917,0.0847105133095365,0.011963927358133116,0.02931981493220791,0.03268633085156951,0.014363362127700681,0.0074194452167840345,0.011342887981150962,0.051486009966474636,0.04228956785572177,0.0523486816627736,0.010502821342787808,0.05597489916230874,0.1258828032481081
127,0.06161514225601214,0.040526698505072706,0.05761253235178603,0.028240882525643694,0.052616678895077984,0.06269549257502904,0.012292258844336585,0.06520138342794919,0.01251317175496489,0.011729544446900362,0.0905426269270505,0.009605443847718336,0.12348468296030005,0.021371500005223178,0.06616966242927957,0.009036566720030201,0.010765144448703752,0.21970065087897356,0.023005851267072077,0.021274084932876157
128,0.03623972642457137,0.03209071213805946,0.009269586728158157,0.017972658030164103,0.008720694644913107,0.08115714135037576,0.11828470485193733,0.17993966487002816,0.01562339110483785,0.06801798723950828,0.04173133679150268,0.033933686172710004,0.03136590905823891,0.0253364182641067,0.017670125693072726,0.029686321975329992,0.10163945044736503,0.0636438571774645,0.03281957070653077,0.05485705633112513
